6.326112747192382812e-01
6.633918285369873047e-01
6.638158559799194336e-01
6.210402250289916992e-01
6.877995729446411133e-01
6.762786507606506348e-01
6.719514131546020508e-01
1.036866426467895508e+00
6.474468708038330078e-01
1.146238088607788086e+00
5.506469607353210449e-01
6.461696624755859375e-01
6.633071899414062500e-01
1.589671373367309570e+00
8.600316047668457031e-01
7.851665616035461426e-01
8.065170049667358398e-01
6.085760593414306641e-01
6.576484441757202148e-01
6.207585930824279785e-01
1.274787664413452148e+00
8.042488098144531250e-01
1.195706605911254883e+00
9.585794210433959961e-01
1.333214044570922852e+00
1.119007825851440430e+00
7.002861499786376953e-01
4.959580898284912109e-01
8.551188111305236816e-01
7.215075492858886719e-01
5.895662903785705566e-01
5.703687071800231934e-01
5.098729133605957031e-01
8.727607727050781250e-01
7.271724939346313477e-01
8.729292750358581543e-01
1.033330678939819336e+00
1.213396787643432617e+00
5.724650025367736816e-01
1.093062877655029297e+00
7.776594161987304688e-01
6.610677242279052734e-01
8.001037240028381348e-01
6.163303256034851074e-01
7.224286198616027832e-01
1.069652795791625977e+00
5.985721945762634277e-01
5.081440210342407227e-01
5.742654800415039062e-01
6.970088481903076172e-01
4.875533580780029297e-01
1.139496326446533203e+00
5.196329951286315918e-01
5.175827741622924805e-01
5.184160470962524414e-01
4.876730442047119141e-01
5.921521186828613281e-01
4.974494874477386475e-01
7.397860288619995117e-01
5.722976326942443848e-01
1.175802469253540039e+00
5.547036528587341309e-01
6.301822662353515625e-01
6.369073987007141113e-01
1.309762954711914062e+00
5.980734825134277344e-01
7.653880119323730469e-01
5.176175236701965332e-01
4.944104552268981934e-01
5.364072918891906738e-01
4.712341427803039551e-01
5.512260198593139648e-01
9.565305709838867188e-01
1.759266614913940430e+00
1.258990168571472168e+00
5.982947349548339844e-01
4.865185320377349854e-01
1.053755760192871094e+00
7.581068277359008789e-01
1.271108984947204590e+00
8.985015153884887695e-01
6.685434579849243164e-01
4.866557419300079346e-01
5.381528139114379883e-01
9.489911794662475586e-01
6.166967153549194336e-01
6.059635877609252930e-01
8.503241539001464844e-01
6.486836075782775879e-01
9.717490077018737793e-01
6.634930372238159180e-01
9.052552580833435059e-01
7.239680290222167969e-01
5.346947908401489258e-01
6.284610033035278320e-01
9.265718460083007812e-01
9.503305554389953613e-01
5.328079462051391602e-01
5.981127023696899414e-01
5.966741442680358887e-01
8.716591596603393555e-01
5.974442958831787109e-01
5.996864438056945801e-01
4.674189686775207520e-01
6.202163696289062500e-01
9.326083660125732422e-01
6.247799396514892578e-01
8.984857201576232910e-01
7.802686691284179688e-01
6.069487929344177246e-01
5.531196594238281250e-01
6.370265483856201172e-01
6.682632565498352051e-01
1.656625270843505859e+00
9.926405549049377441e-01
1.213900804519653320e+00
8.879203796386718750e-01
8.316084146499633789e-01
4.899725019931793213e-01
1.430136561393737793e+00
9.324983358383178711e-01
6.463032960891723633e-01
4.820416867733001709e-01
4.785807728767395020e-01
8.045105934143066406e-01
1.080876588821411133e+00
1.216467618942260742e+00
8.228649497032165527e-01
6.410410404205322266e-01
8.117375373840332031e-01
1.358894944190979004e+00
9.527999758720397949e-01
7.829527258872985840e-01
8.308655619621276855e-01
5.644593834877014160e-01
5.104792118072509766e-01
9.738032817840576172e-01
7.170855998992919922e-01
7.435136437416076660e-01
8.993747234344482422e-01
8.491430282592773438e-01
5.318598747253417969e-01
5.500388741493225098e-01
9.321139454841613770e-01
8.267089724540710449e-01
7.313274145126342773e-01
9.053297042846679688e-01
7.051810026168823242e-01
5.663372874259948730e-01
9.753167629241943359e-01
8.810667395591735840e-01
1.020084977149963379e+00
9.658988714218139648e-01
5.942814350128173828e-01
1.042802810668945312e+00
5.870082378387451172e-01
1.326345562934875488e+00
8.726350069046020508e-01
9.428734183311462402e-01
4.893302917480468750e-01
5.183811187744140625e-01
1.194704055786132812e+00
6.386227607727050781e-01
9.071297049522399902e-01
5.083212852478027344e-01
5.054807662963867188e-01
7.800208926200866699e-01
5.002187490463256836e-01
5.316352844238281250e-01
9.187065958976745605e-01
6.899269223213195801e-01
8.811824917793273926e-01
4.867073893547058105e-01
8.780659437179565430e-01
6.058111190795898438e-01
7.930545806884765625e-01
7.581534385681152344e-01
9.277310371398925781e-01
6.076207756996154785e-01
1.243437051773071289e+00
9.314942359924316406e-01
8.758937120437622070e-01
8.211287260055541992e-01
8.445136547088623047e-01
5.620020627975463867e-01
5.668271780014038086e-01
1.148658037185668945e+00
8.173233866691589355e-01
1.402629137039184570e+00
9.790596365928649902e-01
9.222666025161743164e-01
1.107961416244506836e+00
5.756052136421203613e-01
9.840465784072875977e-01
5.398091077804565430e-01
8.382040858268737793e-01
1.068221211433410645e+00
1.013974666595458984e+00
5.736026763916015625e-01
7.634556293487548828e-01
5.494246482849121094e-01
5.406788587570190430e-01
6.067602634429931641e-01
6.685324907302856445e-01
1.026399612426757812e+00
8.087053894996643066e-01
9.952408075332641602e-01
8.390085697174072266e-01
5.996846556663513184e-01
1.007806539535522461e+00
8.478654026985168457e-01
8.140849471092224121e-01
5.927656888961791992e-01
9.747970104217529297e-01
4.677061140537261963e-01
9.068622589111328125e-01
8.705592155456542969e-01
8.275007605552673340e-01
5.784957408905029297e-01
8.862265944480895996e-01
7.210799455642700195e-01
1.045229673385620117e+00
9.711636900901794434e-01
8.416990637779235840e-01
9.136594533920288086e-01
8.862078189849853516e-01
6.079319715499877930e-01
5.459747314453125000e-01
7.719723582267761230e-01
9.352579712867736816e-01
7.752922773361206055e-01
8.286104798316955566e-01
8.136050701141357422e-01
8.536955714225769043e-01
8.465588092803955078e-01
9.005898237228393555e-01
7.677719593048095703e-01
8.576076030731201172e-01
9.493130445480346680e-01
5.649792551994323730e-01
1.017993688583374023e+00
7.651966810226440430e-01
7.291291952133178711e-01
7.442072629928588867e-01
8.929166197776794434e-01
7.459516525268554688e-01
7.714032530784606934e-01
8.960313796997070312e-01
5.051251649856567383e-01
7.071847915649414062e-01
9.348574876785278320e-01
4.994150996208190918e-01
7.373751401901245117e-01
8.598028421401977539e-01
8.755356073379516602e-01
7.953078746795654297e-01
9.923385381698608398e-01
7.042768001556396484e-01
7.908452153205871582e-01
5.445235967636108398e-01
1.156419515609741211e+00
7.566508054733276367e-01
7.600492238998413086e-01
9.977201223373413086e-01
4.384425282478332520e-01
5.970847606658935547e-01
6.934562325477600098e-01
7.654136419296264648e-01
5.740996599197387695e-01
8.835068345069885254e-01
4.796354472637176514e-01
8.528093099594116211e-01
9.634007215499877930e-01
9.601068496704101562e-01
8.354470729827880859e-01
9.448628425598144531e-01
6.245025992393493652e-01
1.168738603591918945e+00
8.794820308685302734e-01
5.662996768951416016e-01
8.930447101593017578e-01
8.356205224990844727e-01
8.296234011650085449e-01
9.849963188171386719e-01
7.156339287757873535e-01
7.007088661193847656e-01
7.771447896957397461e-01
4.941354691982269287e-01
8.580049872398376465e-01
8.357705473899841309e-01
5.834686756134033203e-01
8.283632993698120117e-01
7.975484728813171387e-01
7.461351752281188965e-01
8.350723981857299805e-01
5.445515513420104980e-01
5.022724866867065430e-01
5.060622096061706543e-01
9.041236639022827148e-01
8.665361404418945312e-01
4.824360013008117676e-01
9.300347566604614258e-01
7.519944906234741211e-01
7.463486194610595703e-01
6.492141485214233398e-01
7.680512666702270508e-01
7.041845321655273438e-01
1.014475345611572266e+00
9.237239360809326172e-01
9.153135418891906738e-01
7.187459468841552734e-01
7.584416866302490234e-01
7.853935956954956055e-01
8.921365737915039062e-01
7.377569675445556641e-01
8.108736276626586914e-01
8.774713873863220215e-01
8.989593982696533203e-01
5.083674788475036621e-01
1.106203794479370117e+00
7.161424160003662109e-01
9.276201128959655762e-01
8.275328874588012695e-01
9.462636709213256836e-01
8.099006414413452148e-01
8.827069401741027832e-01
8.153043985366821289e-01
6.322371959686279297e-01
9.878574609756469727e-01
7.401841282844543457e-01
7.647514343261718750e-01
9.158712625503540039e-01
7.024332284927368164e-01
8.303916454315185547e-01
8.309545516967773438e-01
7.844572067260742188e-01
8.434588909149169922e-01
7.349696159362792969e-01
8.762390017509460449e-01
7.233425378799438477e-01
7.698075175285339355e-01
8.786085247993469238e-01
8.795052766799926758e-01
1.044001460075378418e+00
8.997995853424072266e-01
8.348399996757507324e-01
7.681411504745483398e-01
9.027148485183715820e-01
6.863640546798706055e-01
6.784247159957885742e-01
5.848820209503173828e-01
7.838588356971740723e-01
7.040633559226989746e-01
8.633320927619934082e-01
8.614033460617065430e-01
6.651198863983154297e-01
8.032515048980712891e-01
5.806685090065002441e-01
7.066887617111206055e-01
9.433726072311401367e-01
7.239278554916381836e-01
8.488290905952453613e-01
6.038658618927001953e-01
8.717081546783447266e-01
7.422649860382080078e-01
8.352513313293457031e-01
8.631380796432495117e-01
8.515329360961914062e-01
8.729085922241210938e-01
7.444354295730590820e-01
8.490778207778930664e-01
8.227264881134033203e-01
8.493880033493041992e-01
7.494749426841735840e-01
8.732529282569885254e-01
8.082187175750732422e-01
7.818317413330078125e-01
8.606614470481872559e-01
8.764558434486389160e-01
6.971687674522399902e-01
8.186769485473632812e-01
7.736558914184570312e-01
8.572009801864624023e-01
7.149856686592102051e-01
8.812578916549682617e-01
8.894808292388916016e-01
8.399268388748168945e-01
8.591116666793823242e-01
8.534888029098510742e-01
7.989454865455627441e-01
7.287518978118896484e-01
8.225960135459899902e-01
7.516222000122070312e-01
8.512670993804931641e-01
7.993257045745849609e-01
6.552038788795471191e-01
6.980047225952148438e-01
7.746585607528686523e-01
8.427891731262207031e-01
7.153713107109069824e-01
7.991321086883544922e-01
8.586269617080688477e-01
8.396502733230590820e-01
8.048151731491088867e-01
8.083288669586181641e-01
8.264352083206176758e-01
9.002866148948669434e-01
7.866172790527343750e-01
8.107453584671020508e-01
6.012015342712402344e-01
9.058426618576049805e-01
8.236333131790161133e-01
7.814201116561889648e-01
8.404212594032287598e-01
8.115571141242980957e-01
7.558283805847167969e-01
8.269547224044799805e-01
6.367413997650146484e-01
6.109451651573181152e-01
8.277641534805297852e-01
8.719625473022460938e-01
7.410327196121215820e-01
7.978267669677734375e-01
9.196808338165283203e-01
8.369622826576232910e-01
8.921551704406738281e-01
7.589566111564636230e-01
7.826226949691772461e-01
7.988912463188171387e-01
8.498896956443786621e-01
9.655304551124572754e-01
8.595147132873535156e-01
9.009642004966735840e-01
7.911159396171569824e-01
7.961751222610473633e-01
6.782622337341308594e-01
8.713738918304443359e-01
8.328480124473571777e-01
7.540967464447021484e-01
6.555966138839721680e-01
8.326816558837890625e-01
7.019686698913574219e-01
7.327532768249511719e-01
8.630630373954772949e-01
4.674611687660217285e-01
8.688251376152038574e-01
8.241231441497802734e-01
5.803709030151367188e-01
8.003386259078979492e-01
8.491685390472412109e-01
6.011098623275756836e-01
7.921324968338012695e-01
6.441204547882080078e-01
8.364348411560058594e-01
6.516821980476379395e-01
9.166992902755737305e-01
9.075085520744323730e-01
8.320893049240112305e-01
8.378355503082275391e-01
8.787416219711303711e-01
7.797329425811767578e-01
8.695601224899291992e-01
8.670678734779357910e-01
8.612045049667358398e-01
8.163833618164062500e-01
7.807202935218811035e-01
8.803281784057617188e-01
8.522571325302124023e-01
7.300943136215209961e-01
7.638933658599853516e-01
8.726629018783569336e-01
8.247346878051757812e-01
8.049516677856445312e-01
6.886180639266967773e-01
7.859987020492553711e-01
7.684909105300903320e-01
7.209335565567016602e-01
7.469909191131591797e-01
7.996301054954528809e-01
7.031804919242858887e-01
8.578257560729980469e-01
7.511811256408691406e-01
8.459255695343017578e-01
8.510228395462036133e-01
5.309316515922546387e-01
8.009473085403442383e-01
7.975180149078369141e-01
7.769446372985839844e-01
8.067565560340881348e-01
7.283293008804321289e-01
7.645088434219360352e-01
7.197690010070800781e-01
8.123809099197387695e-01
8.914952278137207031e-01
7.871038913726806641e-01
7.709294557571411133e-01
8.294093012809753418e-01
8.484398126602172852e-01
7.640887498855590820e-01
6.730790734291076660e-01
8.256217837333679199e-01
7.316612601280212402e-01
8.107280731201171875e-01
7.815790176391601562e-01
7.235742807388305664e-01
8.282383680343627930e-01
8.622837066650390625e-01
8.718752861022949219e-01
9.018937945365905762e-01
8.083084821701049805e-01
8.643743991851806641e-01
8.274159431457519531e-01
7.060906887054443359e-01
7.509104013442993164e-01
8.057621717453002930e-01
7.835460901260375977e-01
7.372288107872009277e-01
6.691497564315795898e-01
6.128435730934143066e-01
9.254745841026306152e-01
7.743639945983886719e-01
8.544031381607055664e-01
7.287768721580505371e-01
8.802726268768310547e-01
7.914538979530334473e-01
7.308492660522460938e-01
7.902441024780273438e-01
7.452590465545654297e-01
7.095674872398376465e-01
8.086563348770141602e-01
6.776435375213623047e-01
8.167999982833862305e-01
7.872903347015380859e-01
8.134852647781372070e-01
7.491707801818847656e-01
8.278233408927917480e-01
7.801748514175415039e-01
8.286564350128173828e-01
7.963840961456298828e-01
6.933454275131225586e-01
7.945747375488281250e-01
6.739660501480102539e-01
7.228891253471374512e-01
8.175126910209655762e-01
8.217171430587768555e-01
8.471540212631225586e-01
9.170455932617187500e-01
7.027019262313842773e-01
5.773110389709472656e-01
8.267747163772583008e-01
8.264412879943847656e-01
8.101963400840759277e-01
5.183917284011840820e-01
8.315651416778564453e-01
8.602819442749023438e-01
8.902616500854492188e-01
8.061081171035766602e-01
8.005349636077880859e-01
8.158208131790161133e-01
8.458893299102783203e-01
7.918674945831298828e-01
7.880229949951171875e-01
8.683977127075195312e-01
8.482229709625244141e-01
6.602387428283691406e-01
7.517281770706176758e-01
7.377961874008178711e-01
7.654951214790344238e-01
7.956610321998596191e-01
6.592051982879638672e-01
8.560184240341186523e-01
7.594802379608154297e-01
7.447472810745239258e-01
8.500597476959228516e-01
7.580987215042114258e-01
8.631806373596191406e-01
8.103810548782348633e-01
7.002037763595581055e-01
7.728058695793151855e-01
7.942183017730712891e-01
8.144052624702453613e-01
9.087260961532592773e-01
8.407504558563232422e-01
8.215383291244506836e-01
8.407005667686462402e-01
7.897502183914184570e-01
7.865712046623229980e-01
7.031432390213012695e-01
8.524972796440124512e-01
7.719115018844604492e-01
8.181476593017578125e-01
7.391874194145202637e-01
8.016678690910339355e-01
8.200749158859252930e-01
8.018582463264465332e-01
7.826129198074340820e-01
6.942566037178039551e-01
8.698824644088745117e-01
7.358710169792175293e-01
7.766962647438049316e-01
1.064391613006591797e+00
8.273190259933471680e-01
8.000562191009521484e-01
6.975448131561279297e-01
7.784971594810485840e-01
7.501710653305053711e-01
8.047630786895751953e-01
8.538683056831359863e-01
7.490154504776000977e-01
7.736320495605468750e-01
7.658721208572387695e-01
7.467457056045532227e-01
8.411585092544555664e-01
6.704516410827636719e-01
8.083422183990478516e-01
5.602491497993469238e-01
7.382742166519165039e-01
5.519275665283203125e-01
9.324924945831298828e-01
5.732702016830444336e-01
8.526141643524169922e-01
6.852662563323974609e-01
8.072696924209594727e-01
8.081442117691040039e-01
8.976322412490844727e-01
8.195374608039855957e-01
7.906444668769836426e-01
8.674501180648803711e-01
6.906401515007019043e-01
7.515590190887451172e-01
8.271412253379821777e-01
7.023892402648925781e-01
7.189478278160095215e-01
7.285668253898620605e-01
8.352876305580139160e-01
9.038517475128173828e-01
5.755814909934997559e-01
8.016377091407775879e-01
7.656207680702209473e-01
1.035312294960021973e+00
8.383078575134277344e-01
7.863931655883789062e-01
7.699078321456909180e-01
8.684457540512084961e-01
7.447891235351562500e-01
8.027088046073913574e-01
7.216067314147949219e-01
8.331716060638427734e-01
7.953517436981201172e-01
8.278643488883972168e-01
8.326745629310607910e-01
8.064393401145935059e-01
8.091152310371398926e-01
8.210978507995605469e-01
7.465444803237915039e-01
8.731890916824340820e-01
7.858486175537109375e-01
7.163848280906677246e-01
6.451861858367919922e-01
8.013824224472045898e-01
7.806727886199951172e-01
8.022751808166503906e-01
6.053477525711059570e-01
7.615006566047668457e-01
8.690507411956787109e-01
7.323067188262939453e-01
7.820427417755126953e-01
6.097574234008789062e-01
8.517689704895019531e-01
7.985494136810302734e-01
8.375523686408996582e-01
8.129953145980834961e-01
7.856591939926147461e-01
7.001487016677856445e-01
7.834992408752441406e-01
8.421587944030761719e-01
8.160140514373779297e-01
8.034430742263793945e-01
7.467736601829528809e-01
8.411163091659545898e-01
7.136329412460327148e-01
8.364251255989074707e-01
8.443254232406616211e-01
5.757576227188110352e-01
7.804586887359619141e-01
7.730966806411743164e-01
8.271025419235229492e-01
7.873462438583374023e-01
8.157339096069335938e-01
8.214160203933715820e-01
7.529289722442626953e-01
8.204634189605712891e-01
6.524425148963928223e-01
7.868613004684448242e-01
7.594008445739746094e-01
7.544860243797302246e-01
6.509628891944885254e-01
7.272036075592041016e-01
7.151346206665039062e-01
7.583587169647216797e-01
8.211917877197265625e-01
5.985006690025329590e-01
8.280244469642639160e-01
7.842981815338134766e-01
7.648317813873291016e-01
8.121721744537353516e-01
7.895053625106811523e-01
7.652196884155273438e-01
8.395739197731018066e-01
7.898648381233215332e-01
8.238017559051513672e-01
7.872455120086669922e-01
8.084414601325988770e-01
8.246681094169616699e-01
7.533127069473266602e-01
6.656467914581298828e-01
8.593708276748657227e-01
7.691180109977722168e-01
8.685038089752197266e-01
6.709342002868652344e-01
6.857591867446899414e-01
8.232854604721069336e-01
8.293241262435913086e-01
8.569534420967102051e-01
8.531975746154785156e-01
7.699318528175354004e-01
7.831017374992370605e-01
7.721856236457824707e-01
7.509605288505554199e-01
7.560774683952331543e-01
8.291431665420532227e-01
8.054462671279907227e-01
7.467684149742126465e-01
7.707601189613342285e-01
6.925236582756042480e-01
7.937313318252563477e-01
7.798241376876831055e-01
7.173773050308227539e-01
7.382990121841430664e-01
8.330606222152709961e-01
7.906352281570434570e-01
7.950111627578735352e-01
7.936937808990478516e-01
7.378820180892944336e-01
7.760265469551086426e-01
7.653861045837402344e-01
7.369285821914672852e-01
8.329133987426757812e-01
8.102705478668212891e-01
7.896803617477416992e-01
7.730412483215332031e-01
7.738919258117675781e-01
7.611106634140014648e-01
8.247951269149780273e-01
7.987432479858398438e-01
6.900047063827514648e-01
8.519914150238037109e-01
7.878596186637878418e-01
7.980678081512451172e-01
7.490015625953674316e-01
7.689715027809143066e-01
7.778347134590148926e-01
7.491496801376342773e-01
7.710316181182861328e-01
7.921631932258605957e-01
8.273205757141113281e-01
7.418909072875976562e-01
6.799584627151489258e-01
8.151742219924926758e-01
7.411432266235351562e-01
7.418073415756225586e-01
7.567173242568969727e-01
8.350800871849060059e-01
8.092685937881469727e-01
7.015980482101440430e-01
8.296020030975341797e-01
8.091846704483032227e-01
8.238997459411621094e-01
8.215411901473999023e-01
5.732861757278442383e-01
7.684941887855529785e-01
8.427654504776000977e-01
7.514766454696655273e-01
8.174168467521667480e-01
8.105022907257080078e-01
7.746629714965820312e-01
7.032870650291442871e-01
7.152390480041503906e-01
7.983247041702270508e-01
7.844010591506958008e-01
8.153843283653259277e-01
8.147421479225158691e-01
8.109418153762817383e-01
7.761021852493286133e-01
8.113956451416015625e-01
7.830153703689575195e-01
8.140912055969238281e-01
7.999136447906494141e-01
7.553181648254394531e-01
7.658900618553161621e-01
7.995250225067138672e-01
8.047821521759033203e-01
6.436911225318908691e-01
8.253917694091796875e-01
7.719529867172241211e-01
8.018576502799987793e-01
7.694647312164306641e-01
7.985818982124328613e-01
7.154055833816528320e-01
7.915225625038146973e-01
8.226100206375122070e-01
7.989307045936584473e-01
8.285024166107177734e-01
8.000930547714233398e-01
7.790142297744750977e-01
7.493970394134521484e-01
7.968266606330871582e-01
7.739957571029663086e-01
8.251895308494567871e-01
7.791161537170410156e-01
8.116644024848937988e-01
7.506749629974365234e-01
8.202506303787231445e-01
8.426216840744018555e-01
7.785772681236267090e-01
7.676392793655395508e-01
7.760404348373413086e-01
7.704588770866394043e-01
8.425449728965759277e-01
8.089298009872436523e-01
6.205550432205200195e-01
6.668161749839782715e-01
7.824680209159851074e-01
6.847295165061950684e-01
7.785320878028869629e-01
8.236643671989440918e-01
7.652633190155029297e-01
6.692035198211669922e-01
7.653108835220336914e-01
7.962561845779418945e-01
7.675808072090148926e-01
7.884555459022521973e-01
6.709040999412536621e-01
7.610747218132019043e-01
7.580060958862304688e-01
7.592399120330810547e-01
7.698972821235656738e-01
7.929617762565612793e-01
8.562927246093750000e-01
8.512172698974609375e-01
7.954484224319458008e-01
7.986188530921936035e-01
8.230646848678588867e-01
7.973868250846862793e-01
7.950692772865295410e-01
7.377556562423706055e-01
8.236671090126037598e-01
8.046772480010986328e-01
7.545610666275024414e-01
8.094866871833801270e-01
7.734235525131225586e-01
7.835802435874938965e-01
7.519127726554870605e-01
7.358219623565673828e-01
7.339430451393127441e-01
8.264706134796142578e-01
8.275999426841735840e-01
7.285999059677124023e-01
8.504428863525390625e-01
7.400482296943664551e-01
5.051792860031127930e-01
7.835645675659179688e-01
7.880839109420776367e-01
7.745489478111267090e-01
7.781205177307128906e-01
8.090043663978576660e-01
7.979230880737304688e-01
8.114143610000610352e-01
7.602388858795166016e-01
8.155180215835571289e-01
7.546721696853637695e-01
7.871364355087280273e-01
7.816380262374877930e-01
7.612864971160888672e-01
7.278552055358886719e-01
8.742352724075317383e-01
6.183500885963439941e-01
7.631117105484008789e-01
7.033818364143371582e-01
8.371063470840454102e-01
5.896170139312744141e-01
7.986896038055419922e-01
7.924195528030395508e-01
7.540351152420043945e-01
9.440028667449951172e-01
8.139811754226684570e-01
7.824134826660156250e-01
8.012543320655822754e-01
8.230740427970886230e-01
7.880350351333618164e-01
7.160733938217163086e-01
7.806776762008666992e-01
7.537961006164550781e-01
8.005331158638000488e-01
8.465340733528137207e-01
7.859532833099365234e-01
8.228042125701904297e-01
8.182038068771362305e-01
7.887229323387145996e-01
7.960407733917236328e-01
7.775840163230895996e-01
8.072128295898437500e-01
8.314990997314453125e-01
8.650828599929809570e-01
7.601490616798400879e-01
7.782505750656127930e-01
7.610037326812744141e-01
8.201626539230346680e-01
8.274357914924621582e-01
7.195310592651367188e-01
7.970319390296936035e-01
4.899414181709289551e-01
8.056733608245849609e-01
7.843967676162719727e-01
8.138214945793151855e-01
4.848789572715759277e-01
1.121680736541748047e+00
8.054465055465698242e-01
7.854636907577514648e-01
7.621167302131652832e-01
8.266821503639221191e-01
8.165841698646545410e-01
7.675087451934814453e-01
7.892187833786010742e-01
7.907419800758361816e-01
7.459712028503417969e-01
7.442498803138732910e-01
8.330936431884765625e-01
7.987732887268066406e-01
7.597028017044067383e-01
5.211266875267028809e-01
9.102983474731445312e-01
8.200587034225463867e-01
7.383373975753784180e-01
7.935286760330200195e-01
8.427171707153320312e-01
8.261333703994750977e-01
7.948409914970397949e-01
8.419130444526672363e-01
7.865042686462402344e-01
7.550789117813110352e-01
8.045462369918823242e-01
7.842649817466735840e-01
7.910382747650146484e-01
8.091342449188232422e-01
7.905544638633728027e-01
7.250488400459289551e-01
7.784058451652526855e-01
7.915202379226684570e-01
8.045603632926940918e-01
8.442378640174865723e-01
7.833329439163208008e-01
7.547397017478942871e-01
7.996878623962402344e-01
8.263223767280578613e-01
7.401919960975646973e-01
7.582908868789672852e-01
7.835302352905273438e-01
7.844069004058837891e-01
7.509084343910217285e-01
7.946541309356689453e-01
7.657425403594970703e-01
7.783322930335998535e-01
7.954537868499755859e-01
7.941226959228515625e-01
5.943746566772460938e-01
7.622225880622863770e-01
8.141414523124694824e-01
7.592160701751708984e-01
7.962300777435302734e-01
8.061505556106567383e-01
7.653495669364929199e-01
8.122007846832275391e-01
7.460900545120239258e-01
7.716514468193054199e-01
8.496137857437133789e-01
7.734101414680480957e-01
7.303342819213867188e-01
7.378817796707153320e-01
8.025118708610534668e-01
7.729315161705017090e-01
8.169509172439575195e-01
8.236187100410461426e-01
6.464114785194396973e-01
7.854553461074829102e-01
7.706900835037231445e-01
7.053411006927490234e-01
7.873334884643554688e-01
8.003374338150024414e-01
7.778091430664062500e-01
7.811093330383300781e-01
7.956880331039428711e-01
6.075758934020996094e-01
7.582749724388122559e-01
7.950907945632934570e-01
8.095152378082275391e-01
7.584537267684936523e-01
7.824298143386840820e-01
7.594288587570190430e-01
7.888725996017456055e-01
8.011339306831359863e-01
7.410981655120849609e-01
8.025822639465332031e-01
7.839601635932922363e-01
7.613906860351562500e-01
8.182666301727294922e-01
8.018007278442382812e-01
7.730166912078857422e-01
8.020497560501098633e-01
7.813273668289184570e-01
8.006366491317749023e-01
8.140741586685180664e-01
7.684568166732788086e-01
7.694063186645507812e-01
7.719972133636474609e-01
7.738879323005676270e-01
8.116754293441772461e-01
7.756640911102294922e-01
8.168668150901794434e-01
7.928246259689331055e-01
7.987338900566101074e-01
7.586660385131835938e-01
8.213520050048828125e-01
7.937757968902587891e-01
7.765487432479858398e-01
8.551285266876220703e-01
7.127071022987365723e-01
8.165516257286071777e-01
7.846168279647827148e-01
7.406085729598999023e-01
7.190021276473999023e-01
8.054530620574951172e-01
7.827460765838623047e-01
8.321282863616943359e-01
7.102025151252746582e-01
7.767260074615478516e-01
7.693827748298645020e-01
7.791658639907836914e-01
7.461606264114379883e-01
8.134780526161193848e-01
7.720994353294372559e-01
7.769372463226318359e-01
7.712500691413879395e-01
7.531174421310424805e-01
7.846611738204956055e-01
8.102313280105590820e-01
7.863712310791015625e-01
7.957744598388671875e-01
6.901958584785461426e-01
7.688107490539550781e-01
7.582850456237792969e-01
7.783864736557006836e-01
7.510882616043090820e-01
8.383976221084594727e-01
7.908847928047180176e-01
7.732719779014587402e-01
7.724188566207885742e-01
7.921782732009887695e-01
7.548623085021972656e-01
7.913726568222045898e-01
7.845876812934875488e-01
7.741701602935791016e-01
7.515808939933776855e-01
7.528845071792602539e-01
7.295250892639160156e-01
7.436928749084472656e-01
7.825424671173095703e-01
7.334226369857788086e-01
7.407456040382385254e-01
8.204482793807983398e-01
7.443816065788269043e-01
7.627030014991760254e-01
8.038291335105895996e-01
7.815216183662414551e-01
7.579300403594970703e-01
8.051298856735229492e-01
7.888540029525756836e-01
7.965135574340820312e-01
8.213420510292053223e-01
7.920938134193420410e-01
7.448582649230957031e-01
7.436374425888061523e-01
7.836428880691528320e-01
7.939580082893371582e-01
7.282722592353820801e-01
7.623388767242431641e-01
7.765918970108032227e-01
7.747771739959716797e-01
7.629459500312805176e-01
7.996200323104858398e-01
8.504474163055419922e-01
7.700918912887573242e-01
7.723435163497924805e-01
7.663937211036682129e-01
6.661111712455749512e-01
7.774816751480102539e-01
7.604737281799316406e-01
7.550770044326782227e-01
7.934182882308959961e-01
7.929159402847290039e-01
7.792751193046569824e-01
7.465883493423461914e-01
8.707390427589416504e-01
8.232474327087402344e-01
7.989104390144348145e-01
8.036028146743774414e-01
8.313937187194824219e-01
7.636555433273315430e-01
7.977539300918579102e-01
7.730789780616760254e-01
7.730170488357543945e-01
7.681227922439575195e-01
7.850120663642883301e-01
7.435704469680786133e-01
7.403103113174438477e-01
7.835804224014282227e-01
7.379690408706665039e-01
7.514214515686035156e-01
8.066935539245605469e-01
6.847204566001892090e-01
7.869045734405517578e-01
8.070300817489624023e-01
7.395700216293334961e-01
7.766025066375732422e-01
7.761170864105224609e-01
7.489373683929443359e-01
7.753945589065551758e-01
7.934689521789550781e-01
7.556743025779724121e-01
7.794976234436035156e-01
7.978150844573974609e-01
8.609806299209594727e-01
8.072644472122192383e-01
7.888178825378417969e-01
6.426075696945190430e-01
8.029772043228149414e-01
8.326191306114196777e-01
7.426432371139526367e-01
7.852838635444641113e-01
7.941519021987915039e-01
7.334628701210021973e-01
7.492494583129882812e-01
4.860513806343078613e-01
8.332550525665283203e-01
8.100785017013549805e-01
8.080279827117919922e-01
8.015663027763366699e-01
8.068874478340148926e-01
7.709551453590393066e-01
7.913634777069091797e-01
7.679519057273864746e-01
7.648708820343017578e-01
7.468967437744140625e-01
7.585628032684326172e-01
7.868391275405883789e-01
6.887224316596984863e-01
7.886378169059753418e-01
7.677220106124877930e-01
7.465293407440185547e-01
7.768887281417846680e-01
8.000108003616333008e-01
7.977633476257324219e-01
7.675259113311767578e-01
7.841137647628784180e-01
6.613100767135620117e-01
7.833663225173950195e-01
7.724895477294921875e-01
5.851062536239624023e-01
8.229482769966125488e-01
7.819907665252685547e-01
7.214902639389038086e-01
6.795427799224853516e-01
7.941867113113403320e-01
7.855702638626098633e-01
8.110408186912536621e-01
7.816981077194213867e-01
7.769502401351928711e-01
7.615177631378173828e-01
7.505611181259155273e-01
7.685670852661132812e-01
7.255703210830688477e-01
8.198933601379394531e-01
7.885444760322570801e-01
7.972378730773925781e-01
7.965403199195861816e-01
7.756506204605102539e-01
7.806193232536315918e-01
7.801278233528137207e-01
8.030191063880920410e-01
7.814194560050964355e-01
