2.751081287860870361e-01
1.183514952659606934e+00
1.059393882751464844e+00
1.240232586860656738e+00
1.114325761795043945e+00
5.233581066131591797e-01
3.187069296836853027e-01
4.868248999118804932e-01
5.502363443374633789e-01
9.415866136550903320e-01
5.444442629814147949e-01
2.212352901697158813e-01
3.824785351753234863e-01
5.656454563140869141e-01
6.458117961883544922e-01
5.931478738784790039e-01
6.239640116691589355e-01
3.374999463558197021e-01
3.803966939449310303e-01
2.401390969753265381e-01
5.728009343147277832e-01
5.385791063308715820e-01
5.713775157928466797e-01
6.252215504646301270e-01
6.575599312782287598e-01
6.690179705619812012e-01
2.420026659965515137e-01
2.614083290100097656e-01
7.290184497833251953e-01
2.326540201902389526e-01
3.624943792819976807e-01
2.406050562858581543e-01
2.739044427871704102e-01
4.954958856105804443e-01
4.080786108970642090e-01
3.298811912536621094e-01
5.714203119277954102e-01
4.593566060066223145e-01
4.273387789726257324e-01
3.818502426147460938e-01
7.201003432273864746e-01
2.050371766090393066e-01
5.735471248626708984e-01
3.080707788467407227e-01
2.740310132503509521e-01
5.933805108070373535e-01
2.770550549030303955e-01
2.965469956398010254e-01
2.544933259487152100e-01
2.929587662220001221e-01
2.156296670436859131e-01
4.234853386878967285e-01
3.138875961303710938e-01
5.345065593719482422e-01
2.285761535167694092e-01
2.530859410762786865e-01
2.849949896335601807e-01
2.010219097137451172e-01
4.508135914802551270e-01
5.869522690773010254e-01
2.588764429092407227e-01
2.903496026992797852e-01
4.483378529548645020e-01
4.185259044170379639e-01
5.228440761566162109e-01
1.914032995700836182e-01
3.053949475288391113e-01
3.191245496273040771e-01
2.770175039768218994e-01
2.512000203132629395e-01
2.765866816043853760e-01
2.130090892314910889e-01
3.223660588264465332e-01
2.253992408514022827e-01
3.444437682628631592e-01
2.664389610290527344e-01
2.309626638889312744e-01
3.057180345058441162e-01
4.916811287403106689e-01
2.569965422153472900e-01
3.900782167911529541e-01
3.435002565383911133e-01
3.614392280578613281e-01
2.216491401195526123e-01
4.367397427558898926e-01
3.914305567741394043e-01
2.241319417953491211e-01
3.846335411071777344e-01
2.422569096088409424e-01
3.754810690879821777e-01
3.177750706672668457e-01
4.611029624938964844e-01
4.035485088825225830e-01
1.616039276123046875e-01
3.056535422801971436e-01
3.776245415210723877e-01
3.012131154537200928e-01
1.737366914749145508e-01
2.550415098667144775e-01
2.751406133174896240e-01
3.898217678070068359e-01
3.111633658409118652e-01
2.732051014900207520e-01
3.412823677062988281e-01
2.252569198608398438e-01
3.708049654960632324e-01
2.160608321428298950e-01
2.418272346258163452e-01
3.596273660659790039e-01
3.044949471950531006e-01
2.607341706752777100e-01
1.769777238368988037e-01
3.055554628372192383e-01
2.220580875873565674e-01
4.034182727336883545e-01
3.320778310298919678e-01
4.131536483764648438e-01
2.889932394027709961e-01
1.600466370582580566e-01
1.824991703033447266e-01
3.733496665954589844e-01
2.130942791700363159e-01
2.088434994220733643e-01
3.557233810424804688e-01
1.896849870681762695e-01
3.156440556049346924e-01
3.289613127708435059e-01
1.682504117488861084e-01
1.804389506578445435e-01
3.637338578701019287e-01
2.808636128902435303e-01
3.779578208923339844e-01
2.599574029445648193e-01
3.848368227481842041e-01
2.383442074060440063e-01
2.253533452749252319e-01
3.675127029418945312e-01
3.352773785591125488e-01
4.071745276451110840e-01
2.362715601921081543e-01
1.525079607963562012e-01
1.834982782602310181e-01
2.607434391975402832e-01
4.161810874938964844e-01
4.021356403827667236e-01
3.097235262393951416e-01
2.534549534320831299e-01
3.898022174835205078e-01
3.324519395828247070e-01
3.402435779571533203e-01
3.961040377616882324e-01
3.068571686744689941e-01
3.409093916416168213e-01
2.715977132320404053e-01
3.621000647544860840e-01
3.813360035419464111e-01
2.531233131885528564e-01
3.130234479904174805e-01
3.960699737071990967e-01
2.506937980651855469e-01
2.487765550613403320e-01
2.239906638860702515e-01
2.928750813007354736e-01
3.827173411846160889e-01
1.660304218530654907e-01
2.334530949592590332e-01
3.953375816345214844e-01
2.465887516736984253e-01
2.625006437301635742e-01
3.274613320827484131e-01
3.688471019268035889e-01
3.397085070610046387e-01
2.312481701374053955e-01
2.933788001537322998e-01
1.686068773269653320e-01
4.058653414249420166e-01
2.802181541919708252e-01
3.622013628482818604e-01
1.995222568511962891e-01
2.300105690956115723e-01
3.861768841743469238e-01
3.292939066886901855e-01
3.150410950183868408e-01
3.294715285301208496e-01
2.015017122030258179e-01
2.207435071468353271e-01
1.406792700290679932e-01
3.005799353122711182e-01
2.080336660146713257e-01
2.943903505802154541e-01
3.140571117401123047e-01
3.262856304645538330e-01
3.320274353027343750e-01
3.534029722213745117e-01
2.236217260360717773e-01
2.759959995746612549e-01
2.810721695423126221e-01
3.250003755092620850e-01
2.307251095771789551e-01
1.722316145896911621e-01
3.369084000587463379e-01
3.350927829742431641e-01
2.435591071844100952e-01
1.790688186883926392e-01
1.811249703168869019e-01
3.397223055362701416e-01
2.942435443401336670e-01
4.200902581214904785e-01
2.742857336997985840e-01
3.487025797367095947e-01
3.409636318683624268e-01
2.751443982124328613e-01
3.053455948829650879e-01
3.325852453708648682e-01
2.673338949680328369e-01
3.256397247314453125e-01
3.086753487586975098e-01
3.335070908069610596e-01
2.425400465726852417e-01
3.326717615127563477e-01
3.250941634178161621e-01
3.013292551040649414e-01
3.190380930900573730e-01
3.700713813304901123e-01
3.243129849433898926e-01
3.306908309459686279e-01
3.364792466163635254e-01
2.186765670776367188e-01
3.261039257049560547e-01
2.763438522815704346e-01
2.994068861007690430e-01
4.010369181632995605e-01
3.494240343570709229e-01
3.665882647037506104e-01
3.235095143318176270e-01
3.404014408588409424e-01
3.326701819896697998e-01
3.498638272285461426e-01
2.496773600578308105e-01
2.240585684776306152e-01
2.491211295127868652e-01
3.341242671012878418e-01
2.588244378566741943e-01
2.359417676925659180e-01
3.145559132099151611e-01
2.559659779071807861e-01
4.084443449974060059e-01
3.339378833770751953e-01
1.838685870170593262e-01
2.689267992973327637e-01
3.510866165161132812e-01
2.183891832828521729e-01
4.042612910270690918e-01
3.451799452304840088e-01
3.094759881496429443e-01
2.997370958328247070e-01
3.466408550739288330e-01
2.820019721984863281e-01
3.485052287578582764e-01
2.047384083271026611e-01
2.937907874584197998e-01
3.333036005496978760e-01
3.121371269226074219e-01
2.862768471240997314e-01
3.075329065322875977e-01
3.857747316360473633e-01
2.936091423034667969e-01
3.455281853675842285e-01
2.336264699697494507e-01
3.077698945999145508e-01
4.044732749462127686e-01
3.379060924053192139e-01
3.511071801185607910e-01
3.170991837978363037e-01
3.140637576580047607e-01
2.626040279865264893e-01
3.467966914176940918e-01
2.919583618640899658e-01
3.400585651397705078e-01
2.918902337551116943e-01
3.117984533309936523e-01
3.412386775016784668e-01
3.177554607391357422e-01
3.063765764236450195e-01
3.262140452861785889e-01
2.988576591014862061e-01
2.070274204015731812e-01
2.362031936645507812e-01
3.027577400207519531e-01
3.187137842178344727e-01
3.106856346130371094e-01
3.286631405353546143e-01
2.910198569297790527e-01
3.473708033561706543e-01
2.404010891914367676e-01
2.648651301860809326e-01
2.120858728885650635e-01
2.542635202407836914e-01
3.236880302429199219e-01
3.450270891189575195e-01
2.647246122360229492e-01
2.780427038669586182e-01
3.635283410549163818e-01
3.253278732299804688e-01
2.800457775592803955e-01
2.993579506874084473e-01
2.505788207054138184e-01
2.885276377201080322e-01
2.985031306743621826e-01
3.416354358196258545e-01
2.767174243927001953e-01
3.372245132923126221e-01
3.671081960201263428e-01
3.460716903209686279e-01
3.675412237644195557e-01
3.420742452144622803e-01
3.403819203376770020e-01
2.851763367652893066e-01
2.660385668277740479e-01
2.898706793785095215e-01
2.347520589828491211e-01
2.780412435531616211e-01
3.260405659675598145e-01
3.286175727844238281e-01
3.317359089851379395e-01
3.235441148281097412e-01
2.397200912237167358e-01
3.267112076282501221e-01
2.942572236061096191e-01
3.570453226566314697e-01
2.707648873329162598e-01
2.569779455661773682e-01
3.061652183532714844e-01
3.473897576332092285e-01
3.211055696010589600e-01
3.729458153247833252e-01
3.300109803676605225e-01
3.351685702800750732e-01
2.684353888034820557e-01
2.842020690441131592e-01
2.937774956226348877e-01
3.180384337902069092e-01
3.151035010814666748e-01
2.836230397224426270e-01
3.202727437019348145e-01
3.351943492889404297e-01
3.441050350666046143e-01
2.840359807014465332e-01
3.715255260467529297e-01
2.880025804042816162e-01
2.797840237617492676e-01
3.365612328052520752e-01
2.548617422580718994e-01
3.116574883460998535e-01
3.387304544448852539e-01
3.191215693950653076e-01
3.155193626880645752e-01
2.981976866722106934e-01
2.773620188236236572e-01
2.147844284772872925e-01
2.985004782676696777e-01
3.141028583049774170e-01
2.810855507850646973e-01
3.422116339206695557e-01
3.061926662921905518e-01
3.229500055313110352e-01
3.443873226642608643e-01
3.406916260719299316e-01
3.078196942806243896e-01
3.275383412837982178e-01
2.992791235446929932e-01
3.083876073360443115e-01
3.298088312149047852e-01
3.480648696422576904e-01
3.316134810447692871e-01
3.455761373043060303e-01
3.460176885128021240e-01
3.062744140625000000e-01
3.151739835739135742e-01
3.262150585651397705e-01
3.233829736709594727e-01
3.466126024723052979e-01
3.172522783279418945e-01
3.479689359664916992e-01
2.942916750907897949e-01
3.652596175670623779e-01
3.310026228427886963e-01
3.268040418624877930e-01
3.415311872959136963e-01
3.386646807193756104e-01
3.396802246570587158e-01
3.381741642951965332e-01
3.412832915782928467e-01
3.210804760456085205e-01
3.520405590534210205e-01
2.994028329849243164e-01
2.795072495937347412e-01
3.135510683059692383e-01
3.308321535587310791e-01
3.407190740108489990e-01
3.620432615280151367e-01
3.470702767372131348e-01
3.220182657241821289e-01
3.244727253913879395e-01
3.440642952919006348e-01
2.910709977149963379e-01
3.000142574310302734e-01
3.218066692352294922e-01
3.781760931015014648e-01
2.903996407985687256e-01
2.867848277091979980e-01
3.246682584285736084e-01
3.226908147335052490e-01
3.182050287723541260e-01
3.303487896919250488e-01
3.729114234447479248e-01
3.275455236434936523e-01
3.010308146476745605e-01
3.061059713363647461e-01
3.255293369293212891e-01
3.388498723506927490e-01
3.406369984149932861e-01
3.624698817729949951e-01
2.401604354381561279e-01
3.309003412723541260e-01
2.886951863765716553e-01
3.375397026538848877e-01
3.116748631000518799e-01
3.502213954925537109e-01
3.143097162246704102e-01
2.748484313488006592e-01
3.497407734394073486e-01
3.115183413028717041e-01
2.988704741001129150e-01
3.082951605319976807e-01
3.260596394538879395e-01
3.160929381847381592e-01
3.195253312587738037e-01
3.161278367042541504e-01
2.733298242092132568e-01
3.174175322055816650e-01
3.200467824935913086e-01
3.376518487930297852e-01
3.307262957096099854e-01
2.352390140295028687e-01
3.108407855033874512e-01
3.024840354919433594e-01
3.438916504383087158e-01
3.225340545177459717e-01
3.456224203109741211e-01
2.792402803897857666e-01
2.703531086444854736e-01
3.069760203361511230e-01
2.994729876518249512e-01
2.833512723445892334e-01
3.147841393947601318e-01
3.041226863861083984e-01
3.199816346168518066e-01
3.424442410469055176e-01
3.385301232337951660e-01
3.464127779006958008e-01
3.119083940982818604e-01
2.849009633064270020e-01
2.932661771774291992e-01
3.094698190689086914e-01
2.774735987186431885e-01
3.163610994815826416e-01
3.104463815689086914e-01
3.430752456188201904e-01
2.833157479763031006e-01
3.057032525539398193e-01
3.219877481460571289e-01
3.412190377712249756e-01
2.789220511913299561e-01
3.225821852684020996e-01
3.185785710811614990e-01
3.038553595542907715e-01
2.878126800060272217e-01
3.340710401535034180e-01
3.525253832340240479e-01
3.355763256549835205e-01
2.551826834678649902e-01
2.707179188728332520e-01
3.001218736171722412e-01
2.890981435775756836e-01
2.925945520401000977e-01
3.241731822490692139e-01
3.172884881496429443e-01
3.471536040306091309e-01
3.099447488784790039e-01
3.315023779869079590e-01
3.410716056823730469e-01
3.115466833114624023e-01
3.085618019104003906e-01
3.162859678268432617e-01
3.203031718730926514e-01
3.200468122959136963e-01
3.070037066936492920e-01
3.313413858413696289e-01
3.188907802104949951e-01
2.973697483539581299e-01
2.847120165824890137e-01
3.355182707309722900e-01
2.978073060512542725e-01
3.297748863697052002e-01
2.982935309410095215e-01
3.142996430397033691e-01
3.096311688423156738e-01
2.968028485774993896e-01
3.322233259677886963e-01
3.044440448284149170e-01
3.257825374603271484e-01
3.049851357936859131e-01
3.280714750289916992e-01
3.615094125270843506e-01
3.299997448921203613e-01
3.194416165351867676e-01
2.879665791988372803e-01
3.167829811573028564e-01
3.028286397457122803e-01
3.290200531482696533e-01
3.281808495521545410e-01
3.533571362495422363e-01
3.074170649051666260e-01
3.454020321369171143e-01
3.121726512908935547e-01
3.305549025535583496e-01
3.048210442066192627e-01
3.034560382366180420e-01
3.165653347969055176e-01
3.298098146915435791e-01
3.333393633365631104e-01
3.202103078365325928e-01
3.326714038848876953e-01
3.307241201400756836e-01
3.183310627937316895e-01
3.505784869194030762e-01
3.154391050338745117e-01
3.438311517238616943e-01
3.119550347328186035e-01
3.066002726554870605e-01
2.761706709861755371e-01
3.436460494995117188e-01
3.388732373714447021e-01
3.400307893753051758e-01
3.028140366077423096e-01
2.857772409915924072e-01
2.395391762256622314e-01
3.318470418453216553e-01
3.179225623607635498e-01
3.068768084049224854e-01
3.170678615570068359e-01
2.906512022018432617e-01
3.048144280910491943e-01
2.877398729324340820e-01
3.079478442668914795e-01
3.056601881980895996e-01
3.265973329544067383e-01
3.244555294513702393e-01
3.198827505111694336e-01
3.352720141410827637e-01
3.337891399860382080e-01
3.039178252220153809e-01
2.896723747253417969e-01
2.895592153072357178e-01
2.975984215736389160e-01
3.369913995265960693e-01
3.174683749675750732e-01
2.983903586864471436e-01
2.938077449798583984e-01
2.971425652503967285e-01
3.400633931159973145e-01
3.031211197376251221e-01
3.039219081401824951e-01
3.145029842853546143e-01
3.275789320468902588e-01
3.141949772834777832e-01
3.446029424667358398e-01
3.343095779418945312e-01
3.045860528945922852e-01
3.034623563289642334e-01
2.981801033020019531e-01
3.011759519577026367e-01
2.771334648132324219e-01
3.038742840290069580e-01
3.247490525245666504e-01
3.330924212932586670e-01
2.712520658969879150e-01
3.167879879474639893e-01
3.111594617366790771e-01
3.044480681419372559e-01
3.177796006202697754e-01
3.500933647155761719e-01
3.266240060329437256e-01
3.183912038803100586e-01
3.015089929103851318e-01
3.464185893535614014e-01
3.250209987163543701e-01
3.386032581329345703e-01
3.414010703563690186e-01
2.441547513008117676e-01
3.128968179225921631e-01
3.320413827896118164e-01
3.433425128459930420e-01
3.291973471641540527e-01
3.285932242870330811e-01
2.731584608554840088e-01
2.879061102867126465e-01
3.260357379913330078e-01
3.340662121772766113e-01
3.363116383552551270e-01
3.403427600860595703e-01
3.083201348781585693e-01
2.829933762550354004e-01
3.397043347358703613e-01
3.137536644935607910e-01
2.910583615303039551e-01
2.895496487617492676e-01
3.137447535991668701e-01
2.978602051734924316e-01
3.146138787269592285e-01
2.987042963504791260e-01
3.051255047321319580e-01
3.440409302711486816e-01
2.937777340412139893e-01
3.074005544185638428e-01
3.152012526988983154e-01
3.354926705360412598e-01
3.782048225402832031e-01
3.324636816978454590e-01
3.280226290225982666e-01
3.253881335258483887e-01
3.080465197563171387e-01
2.947322130203247070e-01
3.394012153148651123e-01
2.737933397293090820e-01
2.058125585317611694e-01
3.072226047515869141e-01
3.787522315979003906e-01
2.134617120027542114e-01
3.266850709915161133e-01
3.433940112590789795e-01
3.264111280441284180e-01
3.070877790451049805e-01
3.515599668025970459e-01
3.126412332057952881e-01
3.316594660282135010e-01
2.973127365112304688e-01
3.276148140430450439e-01
3.190703392028808594e-01
3.258901536464691162e-01
3.379957675933837891e-01
3.143977522850036621e-01
3.055722415447235107e-01
3.266125619411468506e-01
2.683789730072021484e-01
3.083259165287017822e-01
3.314064443111419678e-01
3.414172530174255371e-01
3.158563375473022461e-01
3.321227729320526123e-01
3.227281272411346436e-01
3.190507292747497559e-01
3.224774599075317383e-01
2.767028510570526123e-01
2.927528619766235352e-01
3.124668598175048828e-01
3.114432096481323242e-01
3.074430823326110840e-01
2.964181602001190186e-01
2.918449640274047852e-01
3.075817227363586426e-01
3.302738368511199951e-01
2.978609800338745117e-01
3.349722027778625488e-01
3.029931783676147461e-01
3.327219486236572266e-01
3.269012570381164551e-01
3.271964490413665771e-01
3.065768182277679443e-01
3.303861320018768311e-01
3.051433563232421875e-01
2.883847653865814209e-01
3.076936900615692139e-01
3.291608393192291260e-01
3.158509731292724609e-01
3.088508844375610352e-01
3.091173470020294189e-01
2.950966656208038330e-01
3.167586326599121094e-01
2.952324450016021729e-01
3.007183074951171875e-01
2.888420522212982178e-01
3.386978209018707275e-01
3.168278336524963379e-01
2.935746610164642334e-01
3.193440139293670654e-01
3.513472974300384521e-01
3.214609324932098389e-01
3.404699265956878662e-01
3.140300512313842773e-01
3.314822614192962646e-01
3.076099157333374023e-01
3.173730969429016113e-01
3.266831934452056885e-01
3.138044476509094238e-01
3.233145773410797119e-01
3.297848701477050781e-01
3.091195225715637207e-01
3.218018412590026855e-01
2.953293919563293457e-01
3.083483576774597168e-01
3.146080970764160156e-01
3.230020403861999512e-01
3.270326554775238037e-01
3.250924646854400635e-01
3.037441968917846680e-01
3.348927795886993408e-01
2.924601435661315918e-01
3.505317866802215576e-01
3.302707076072692871e-01
2.923584282398223877e-01
2.888648509979248047e-01
3.185348212718963623e-01
3.081512153148651123e-01
3.314988613128662109e-01
3.086016178131103516e-01
2.993213832378387451e-01
3.435067236423492432e-01
3.342766463756561279e-01
3.154945075511932373e-01
3.384683132171630859e-01
3.395901024341583252e-01
3.201710283756256104e-01
3.524337410926818848e-01
3.174707293510437012e-01
3.259621560573577881e-01
3.502998650074005127e-01
3.301065266132354736e-01
3.055908381938934326e-01
3.082090616226196289e-01
3.125017583370208740e-01
3.195368647575378418e-01
3.277498185634613037e-01
3.005200028419494629e-01
3.327214717864990234e-01
2.869227528572082520e-01
3.128384053707122803e-01
3.126452565193176270e-01
3.060016632080078125e-01
3.104973435401916504e-01
3.034203350543975830e-01
3.103761672973632812e-01
3.267441093921661377e-01
3.294079005718231201e-01
3.260817229747772217e-01
3.086110353469848633e-01
3.022485673427581787e-01
3.232340812683105469e-01
3.366693854331970215e-01
3.163970410823822021e-01
2.965659499168395996e-01
3.156767487525939941e-01
3.264033794403076172e-01
3.144928216934204102e-01
3.006963729858398438e-01
3.560293614864349365e-01
2.641612291336059570e-01
3.003234565258026123e-01
3.380198478698730469e-01
3.327778577804565430e-01
3.345831036567687988e-01
3.208281099796295166e-01
3.207138478755950928e-01
3.288607001304626465e-01
3.050530850887298584e-01
3.303769826889038086e-01
3.303454220294952393e-01
3.340777456760406494e-01
2.218625545501708984e-01
3.360924124717712402e-01
3.108157515525817871e-01
3.176779747009277344e-01
3.351107537746429443e-01
3.146404325962066650e-01
3.179073929786682129e-01
2.991528809070587158e-01
3.070030808448791504e-01
3.352293372154235840e-01
3.198345899581909180e-01
3.218825161457061768e-01
3.042095303535461426e-01
3.109562993049621582e-01
3.042822182178497314e-01
2.956771254539489746e-01
3.081388473510742188e-01
2.923305630683898926e-01
2.918620407581329346e-01
3.183688521385192871e-01
3.220296204090118408e-01
3.166642189025878906e-01
3.253696560859680176e-01
3.298447132110595703e-01
3.208952248096466064e-01
3.253553807735443115e-01
2.976087033748626709e-01
3.106279075145721436e-01
3.233785629272460938e-01
3.390267491340637207e-01
3.170178234577178955e-01
3.121837079524993896e-01
3.184758126735687256e-01
2.964331209659576416e-01
3.320695757865905762e-01
3.228843808174133301e-01
3.465029001235961914e-01
3.207170069217681885e-01
3.303422331809997559e-01
3.064026832580566406e-01
3.173953592777252197e-01
3.148900568485260010e-01
3.316912055015563965e-01
3.146023154258728027e-01
3.105381727218627930e-01
3.167941570281982422e-01
3.187700510025024414e-01
3.310034573078155518e-01
3.259664773941040039e-01
3.080971240997314453e-01
3.015096783638000488e-01
3.325398266315460205e-01
2.951350510120391846e-01
3.378077149391174316e-01
3.108530938625335693e-01
3.087386488914489746e-01
3.001648187637329102e-01
3.294126987457275391e-01
3.503210544586181641e-01
3.168644011020660400e-01
3.130556344985961914e-01
3.159614503383636475e-01
3.147897720336914062e-01
3.150116205215454102e-01
3.272480964660644531e-01
3.249851763248443604e-01
2.994760870933532715e-01
2.913480997085571289e-01
3.311116993427276611e-01
2.864815890789031982e-01
2.932977378368377686e-01
3.318301737308502197e-01
3.230572640895843506e-01
3.319631218910217285e-01
3.247572779655456543e-01
3.258029520511627197e-01
3.240554332733154297e-01
2.976687848567962646e-01
3.146773278713226318e-01
3.094952404499053955e-01
2.956397533416748047e-01
3.218086361885070801e-01
3.070254623889923096e-01
3.054443001747131348e-01
3.123409152030944824e-01
3.455291092395782471e-01
3.072256445884704590e-01
2.995170354843139648e-01
3.346283137798309326e-01
3.027032017707824707e-01
3.089961409568786621e-01
3.023267984390258789e-01
3.291308879852294922e-01
3.233944177627563477e-01
3.201079964637756348e-01
3.138854503631591797e-01
3.240197598934173584e-01
3.097769320011138916e-01
2.961504459381103516e-01
3.270088434219360352e-01
3.087008297443389893e-01
3.365609347820281982e-01
3.116993904113769531e-01
3.200266361236572266e-01
3.231102228164672852e-01
2.968952357769012451e-01
3.075608015060424805e-01
2.977400422096252441e-01
2.984327673912048340e-01
3.049045801162719727e-01
3.131641149520874023e-01
2.668772339820861816e-01
3.008813858032226562e-01
2.995229661464691162e-01
2.939851880073547363e-01
2.940318882465362549e-01
3.100484013557434082e-01
3.153113424777984619e-01
3.035999536514282227e-01
3.227034211158752441e-01
3.102201819419860840e-01
3.413467705249786377e-01
3.097149729728698730e-01
3.105640709400177002e-01
3.156531751155853271e-01
3.114033639430999756e-01
3.254484534263610840e-01
3.222478926181793213e-01
3.189840614795684814e-01
3.194673955440521240e-01
3.151279985904693604e-01
3.284717202186584473e-01
3.276823163032531738e-01
2.972870767116546631e-01
2.948601543903350830e-01
3.220977783203125000e-01
3.202900588512420654e-01
3.169581294059753418e-01
3.140779733657836914e-01
3.154979050159454346e-01
3.066808283329010010e-01
3.296015560626983643e-01
3.211543560028076172e-01
3.341989517211914062e-01
3.091206252574920654e-01
3.198077976703643799e-01
2.739140689373016357e-01
2.309721410274505615e-01
3.095046877861022949e-01
3.220062255859375000e-01
3.271717429161071777e-01
3.045767545700073242e-01
3.095614314079284668e-01
3.687058389186859131e-01
3.272970914840698242e-01
3.203781247138977051e-01
3.093762695789337158e-01
3.022127747535705566e-01
2.948445379734039307e-01
3.108639717102050781e-01
3.242514729499816895e-01
2.969741225242614746e-01
2.877348363399505615e-01
2.813158035278320312e-01
3.169192373752593994e-01
2.991496026515960693e-01
2.593046724796295166e-01
2.970839440822601318e-01
3.188906311988830566e-01
2.854886651039123535e-01
3.190163373947143555e-01
3.216036856174468994e-01
2.989253997802734375e-01
3.029740154743194580e-01
3.221871554851531982e-01
3.031432628631591797e-01
3.253830373287200928e-01
3.163898587226867676e-01
3.190449774265289307e-01
3.034811317920684814e-01
3.091439604759216309e-01
3.245287835597991943e-01
3.263382613658905029e-01
3.231917023658752441e-01
3.024418652057647705e-01
3.025358021259307861e-01
3.015855550765991211e-01
3.156469464302062988e-01
3.349518179893493652e-01
3.375467360019683838e-01
3.352812826633453369e-01
3.071805536746978760e-01
3.263331055641174316e-01
3.396139740943908691e-01
3.115192353725433350e-01
3.026108741760253906e-01
2.505821585655212402e-01
3.066779077053070068e-01
3.041663765907287598e-01
3.139510452747344971e-01
3.245971202850341797e-01
3.048838078975677490e-01
3.235675394535064697e-01
3.077445328235626221e-01
3.231294453144073486e-01
3.228078782558441162e-01
3.062713444232940674e-01
3.220432102680206299e-01
3.377212882041931152e-01
3.255618512630462646e-01
3.113745450973510742e-01
3.288153707981109619e-01
3.021557331085205078e-01
3.077687621116638184e-01
3.190118670463562012e-01
3.043408393859863281e-01
3.422549664974212646e-01
3.089424669742584229e-01
3.236366212368011475e-01
2.998857498168945312e-01
3.062914311885833740e-01
3.239899575710296631e-01
3.078050315380096436e-01
3.269798159599304199e-01
3.218756318092346191e-01
3.108859956264495850e-01
3.154929876327514648e-01
3.326150178909301758e-01
3.058467209339141846e-01
3.077321052551269531e-01
3.178903460502624512e-01
3.156983256340026855e-01
3.152222335338592529e-01
3.093682825565338135e-01
3.212354779243469238e-01
3.334132134914398193e-01
3.064711093902587891e-01
3.127669990062713623e-01
3.263286948204040527e-01
3.121252954006195068e-01
3.132768571376800537e-01
3.311371803283691406e-01
2.984326183795928955e-01
3.006245195865631104e-01
3.189573287963867188e-01
2.928734421730041504e-01
3.142859041690826416e-01
3.047717511653900146e-01
3.112831115722656250e-01
3.188314735889434814e-01
2.999547421932220459e-01
3.044483661651611328e-01
3.215103149414062500e-01
3.121617734432220459e-01
3.216893374919891357e-01
3.234815001487731934e-01
2.904489636421203613e-01
3.260767459869384766e-01
3.173096776008605957e-01
3.261489272117614746e-01
3.093467950820922852e-01
3.171584010124206543e-01
3.145995140075683594e-01
3.253237605094909668e-01
2.952364981174468994e-01
3.125104904174804688e-01
3.230509161949157715e-01
3.342133164405822754e-01
3.331907093524932861e-01
3.259364366531372070e-01
2.996293604373931885e-01
2.992287278175354004e-01
3.150561749935150146e-01
3.197166025638580322e-01
3.262303471565246582e-01
3.046911060810089111e-01
3.135936856269836426e-01
3.327420055866241455e-01
3.154914081096649170e-01
3.110062181949615479e-01
3.334049880504608154e-01
3.094781041145324707e-01
3.459171652793884277e-01
3.225641250610351562e-01
3.063820600509643555e-01
3.185786306858062744e-01
3.240451514720916748e-01
3.181190490722656250e-01
3.050108253955841064e-01
3.241838216781616211e-01
3.158892393112182617e-01
3.109506368637084961e-01
3.054981231689453125e-01
3.166373074054718018e-01
3.230562806129455566e-01
3.152636587619781494e-01
3.359722495079040527e-01
3.153527379035949707e-01
3.235222101211547852e-01
3.242109119892120361e-01
3.183729946613311768e-01
3.234318494796752930e-01
3.281556367874145508e-01
3.153633773326873779e-01
3.208962380886077881e-01
3.345955908298492432e-01
3.207673728466033936e-01
3.235809206962585449e-01
3.230528533458709717e-01
3.147020339965820312e-01
3.283997476100921631e-01
3.342651426792144775e-01
3.156919777393341064e-01
3.212170898914337158e-01
3.055146336555480957e-01
3.163840770721435547e-01
3.268443644046783447e-01
3.096657991409301758e-01
3.113085627555847168e-01
3.284455239772796631e-01
3.103147149085998535e-01
3.014507889747619629e-01
3.141860365867614746e-01
3.191801905632019043e-01
3.251085579395294189e-01
3.308154046535491943e-01
3.019837141036987305e-01
3.266280591487884521e-01
3.369207680225372314e-01
2.998693883419036865e-01
3.200877904891967773e-01
3.243211805820465088e-01
3.327988088130950928e-01
2.461294233798980713e-01
3.181319236755371094e-01
3.084804713726043701e-01
3.068080544471740723e-01
3.092696666717529297e-01
3.242149949073791504e-01
3.096482157707214355e-01
3.110671341419219971e-01
3.311216533184051514e-01
3.349595963954925537e-01
3.138049244880676270e-01
3.193122744560241699e-01
3.416240811347961426e-01
3.116836249828338623e-01
3.290640711784362793e-01
3.471123874187469482e-01
3.098855912685394287e-01
3.380370140075683594e-01
3.204072415828704834e-01
3.063163459300994873e-01
3.252826631069183350e-01
3.174025714397430420e-01
3.235231637954711914e-01
3.192419409751892090e-01
3.115237057209014893e-01
3.126243650913238525e-01
3.321366906166076660e-01
3.133351802825927734e-01
3.156602084636688232e-01
2.836828231811523438e-01
3.062810003757476807e-01
3.133807778358459473e-01
3.357682228088378906e-01
2.986301481723785400e-01
3.032228946685791016e-01
3.823298513889312744e-01
3.018934726715087891e-01
3.024278283119201660e-01
3.133098781108856201e-01
3.193367719650268555e-01
3.655767142772674561e-01
3.024864792823791504e-01
3.181875050067901611e-01
3.122688233852386475e-01
3.040053248405456543e-01
3.002674579620361328e-01
3.220471143722534180e-01
3.110590279102325439e-01
3.321285843849182129e-01
3.300364613533020020e-01
3.196576237678527832e-01
3.030450046062469482e-01
3.166500329971313477e-01
3.199420869350433350e-01
3.187272250652313232e-01
3.141004145145416260e-01
3.248156905174255371e-01
3.218296766281127930e-01
3.101527988910675049e-01
3.266385495662689209e-01
3.086286485195159912e-01
3.191549181938171387e-01
3.170107305049896240e-01
3.007491230964660645e-01
3.260729908943176270e-01
3.505306839942932129e-01
3.131078183650970459e-01
3.100367784500122070e-01
3.071411252021789551e-01
3.598349392414093018e-01
3.129450976848602295e-01
3.036820590496063232e-01
2.961012125015258789e-01
3.258201479911804199e-01
3.334611356258392334e-01
3.280536532402038574e-01
3.144047260284423828e-01
3.261683583259582520e-01
3.111590743064880371e-01
2.974227666854858398e-01
3.066228330135345459e-01
3.044033050537109375e-01
3.227761983871459961e-01
3.226149380207061768e-01
3.270735442638397217e-01
3.282803297042846680e-01
3.074373900890350342e-01
3.198420107364654541e-01
