1.472261399030685425e-01
2.907106280326843262e-01
4.000649452209472656e-01
5.656316280364990234e-01
3.779271841049194336e-01
5.879023075103759766e-01
4.863594174385070801e-01
1.017034530639648438e+00
7.398936748504638672e-01
5.113312005996704102e-01
4.302361011505126953e-01
4.244697690010070801e-01
9.399356245994567871e-01
9.109765291213989258e-01
6.537299156188964844e-01
2.713406980037689209e-01
6.095594167709350586e-01
3.005901575088500977e-01
5.194907188415527344e-01
2.458508908748626709e-01
9.725069999694824219e-01
4.237506389617919922e-01
6.817356348037719727e-01
6.867073774337768555e-01
1.253701210021972656e+00
4.617057144641876221e-01
3.111552596092224121e-01
4.606971740722656250e-01
5.388431549072265625e-01
5.689807534217834473e-01
5.898834466934204102e-01
3.777672648429870605e-01
1.645853370428085327e-01
5.603477954864501953e-01
1.006063461303710938e+00
3.712009191513061523e-01
5.097631216049194336e-01
6.096377372741699219e-01
6.309189796447753906e-01
3.211509883403778076e-01
4.565935730934143066e-01
4.105647206306457520e-01
5.168149471282958984e-01
4.140647649765014648e-01
4.830388426780700684e-01
5.850161314010620117e-01
8.853505253791809082e-01
7.939442992210388184e-01
2.814311981201171875e-01
3.565210402011871338e-01
3.463376760482788086e-01
6.548423767089843750e-01
2.755053639411926270e-01
1.132042527198791504e+00
6.885658502578735352e-01
7.159262299537658691e-01
2.717070579528808594e-01
2.717738747596740723e-01
7.727019786834716797e-01
4.406083524227142334e-01
2.251286745071411133e+00
2.964116930961608887e-01
5.887929201126098633e-01
7.924298644065856934e-01
3.039142489433288574e-01
5.879416465759277344e-01
2.698526382446289062e-01
4.773770570755004883e-01
2.721394896507263184e-01
3.359510302543640137e-01
4.568198025226593018e-01
3.413870036602020264e-01
4.845994412899017334e-01
3.999301791191101074e-01
5.465996861457824707e-01
3.577176332473754883e-01
3.018133044242858887e-01
7.875747680664062500e-01
7.234227061271667480e-01
3.264627456665039062e-01
6.050101518630981445e-01
5.877192020416259766e-01
6.567635536193847656e-01
1.813348829746246338e-01
9.390231370925903320e-01
5.698377490043640137e-01
3.994815945625305176e-01
6.861932277679443359e-01
1.872078478336334229e-01
5.975135564804077148e-01
9.551634192466735840e-01
6.848738193511962891e-01
6.747909784317016602e-01
2.430618852376937866e-01
3.308095037937164307e-01
8.084775209426879883e-01
1.604682683944702148e+00
1.138047456741333008e+00
4.433492422103881836e-01
7.499921917915344238e-01
7.197606563568115234e-01
7.055623531341552734e-01
4.538869857788085938e-01
6.218342185020446777e-01
3.053783178329467773e-01
4.836652576923370361e-01
3.938847780227661133e-01
2.829284667968750000e-01
5.394415855407714844e-01
9.502115845680236816e-01
3.174208998680114746e-01
8.725222349166870117e-01
1.122075915336608887e+00
3.308478891849517822e-01
6.601387262344360352e-01
4.557753801345825195e-01
6.911580562591552734e-01
1.314142107963562012e+00
4.853524863719940186e-01
1.932197511196136475e-01
6.579120159149169922e-01
3.797939717769622803e-01
2.075196504592895508e-01
4.167746901512145996e-01
2.947108745574951172e-01
7.530536651611328125e-01
5.332970619201660156e-01
2.961158454418182373e-01
1.094926834106445312e+00
6.394119858741760254e-01
3.405896425247192383e-01
5.775850415229797363e-01
3.807993531227111816e-01
9.548134803771972656e-01
2.874574661254882812e-01
3.508292436599731445e-01
6.240501999855041504e-01
6.670328378677368164e-01
6.631292104721069336e-01
3.873801231384277344e-01
4.357316195964813232e-01
3.904389142990112305e-01
3.928757309913635254e-01
5.075092315673828125e-01
7.114425301551818848e-01
6.857848167419433594e-01
6.098058223724365234e-01
6.170623898506164551e-01
7.056204676628112793e-01
7.801215052604675293e-01
6.781563162803649902e-01
7.675663232803344727e-01
6.777924299240112305e-01
3.955698609352111816e-01
1.216729283332824707e+00
5.444061756134033203e-01
9.170559644699096680e-01
1.143170595169067383e+00
6.485610008239746094e-01
4.842725694179534912e-01
3.365366756916046143e-01
3.142229914665222168e-01
7.789290547370910645e-01
4.930938482284545898e-01
3.388713598251342773e-01
1.190373659133911133e+00
6.979776620864868164e-01
4.759606420993804932e-01
9.155293703079223633e-01
6.019257903099060059e-01
5.608922243118286133e-01
5.750340223312377930e-01
6.992365717887878418e-01
1.108555316925048828e+00
2.416574656963348389e-01
4.677049517631530762e-01
1.089748978614807129e+00
5.577239990234375000e-01
6.208321452140808105e-01
3.283665776252746582e-01
6.102770566940307617e-01
6.293292045593261719e-01
4.984942078590393066e-01
6.281481385231018066e-01
4.143841564655303955e-01
4.270491003990173340e-01
2.709969878196716309e-01
5.394651889801025391e-01
3.883508443832397461e-01
4.132688939571380615e-01
5.408037900924682617e-01
5.821951627731323242e-01
5.239201784133911133e-01
6.400687694549560547e-01
3.013852834701538086e-01
6.718321442604064941e-01
6.027681827545166016e-01
8.460708856582641602e-01
1.024455428123474121e+00
3.057937026023864746e-01
4.867839217185974121e-01
7.147955894470214844e-01
6.436231732368469238e-01
3.154646158218383789e-01
2.608009278774261475e-01
6.512796282768249512e-01
5.297381877899169922e-01
6.957106590270996094e-01
5.552458167076110840e-01
6.092082262039184570e-01
7.488157749176025391e-01
4.738557338714599609e-01
5.476221442222595215e-01
7.116367816925048828e-01
4.160682559013366699e-01
5.951005220413208008e-01
5.246587991714477539e-01
6.748585104942321777e-01
9.310210943222045898e-01
5.386310815811157227e-01
6.387566328048706055e-01
1.053102254867553711e+00
5.141649246215820312e-01
6.929130554199218750e-01
4.645025730133056641e-01
6.416488885879516602e-01
6.933159828186035156e-01
4.837974309921264648e-01
6.069437265396118164e-01
4.893739819526672363e-01
8.660610318183898926e-01
8.587660789489746094e-01
9.966949820518493652e-01
5.590256452560424805e-01
5.896403193473815918e-01
6.116840839385986328e-01
6.791725158691406250e-01
7.021079659461975098e-01
4.381922483444213867e-01
4.755950868129730225e-01
5.978123545646667480e-01
1.021962523460388184e+00
3.980719447135925293e-01
4.243960380554199219e-01
6.665632128715515137e-01
8.291673660278320312e-01
6.240035295486450195e-01
8.270269632339477539e-01
3.771875798702239990e-01
2.716479897499084473e-01
5.491306185722351074e-01
5.649536252021789551e-01
5.983926057815551758e-01
5.074656605720520020e-01
7.338942885398864746e-01
7.323283553123474121e-01
6.310250759124755859e-01
7.589136362075805664e-01
5.928542017936706543e-01
3.875139653682708740e-01
4.953577518463134766e-01
5.153070092201232910e-01
9.341013431549072266e-01
6.631786823272705078e-01
6.854710578918457031e-01
5.206514596939086914e-01
7.562273740768432617e-01
6.297157406806945801e-01
5.058213472366333008e-01
6.485389471054077148e-01
4.995996654033660889e-01
1.052744626998901367e+00
6.183919906616210938e-01
6.673371791839599609e-01
6.613492965698242188e-01
4.895476400852203369e-01
5.178841352462768555e-01
9.924706816673278809e-01
5.475733280181884766e-01
6.256407499313354492e-01
5.705042481422424316e-01
5.499260425567626953e-01
7.628175020217895508e-01
5.524145960807800293e-01
5.735782384872436523e-01
5.571160316467285156e-01
6.380196809768676758e-01
3.776376843452453613e-01
5.809505581855773926e-01
5.974872112274169922e-01
6.001707315444946289e-01
6.149046421051025391e-01
5.468047857284545898e-01
6.679024696350097656e-01
4.972642064094543457e-01
5.755023360252380371e-01
4.503638744354248047e-01
3.103213906288146973e-01
6.347150802612304688e-01
6.597335338592529297e-01
6.492053270339965820e-01
6.744447946548461914e-01
6.575279831886291504e-01
6.231552362442016602e-01
5.036728978157043457e-01
6.000638008117675781e-01
6.924032568931579590e-01
4.068581461906433105e-01
6.856693625450134277e-01
6.339229345321655273e-01
7.033682465553283691e-01
6.204921603202819824e-01
7.337241768836975098e-01
5.470132231712341309e-01
5.833004713058471680e-01
6.320189237594604492e-01
6.778503656387329102e-01
5.979809761047363281e-01
8.857170343399047852e-01
3.974305987358093262e-01
3.690413832664489746e-01
5.096366405487060547e-01
6.216254234313964844e-01
5.832298994064331055e-01
6.915858983993530273e-01
5.363174676895141602e-01
5.457219481468200684e-01
4.790814816951751709e-01
5.273163914680480957e-01
7.039949297904968262e-01
4.921694397926330566e-01
5.460879802703857422e-01
4.493100047111511230e-01
5.954762101173400879e-01
6.664229631423950195e-01
6.876758337020874023e-01
5.376367568969726562e-01
7.398999929428100586e-01
6.704633235931396484e-01
4.329585433006286621e-01
7.055281996726989746e-01
7.240458726882934570e-01
7.433365583419799805e-01
5.336794257164001465e-01
5.325439572334289551e-01
6.231225728988647461e-01
6.047829389572143555e-01
5.067614316940307617e-01
5.408650636672973633e-01
6.399449110031127930e-01
8.640741705894470215e-01
6.302193403244018555e-01
7.754020094871520996e-01
5.755139589309692383e-01
6.833392381668090820e-01
5.828565359115600586e-01
7.074798345565795898e-01
5.471595525741577148e-01
5.149208307266235352e-01
3.964335024356842041e-01
7.748012542724609375e-01
6.064459681510925293e-01
6.354721784591674805e-01
6.028577685356140137e-01
7.426109910011291504e-01
7.012928128242492676e-01
6.768882274627685547e-01
6.178123354911804199e-01
6.848629713058471680e-01
6.679844856262207031e-01
7.222374081611633301e-01
5.463649034500122070e-01
5.542212128639221191e-01
5.657918453216552734e-01
6.547736525535583496e-01
6.965137124061584473e-01
6.675438880920410156e-01
6.045969128608703613e-01
6.332027912139892578e-01
7.370047569274902344e-01
5.881218910217285156e-01
6.237382292747497559e-01
6.167643070220947266e-01
6.564036011695861816e-01
6.718980073928833008e-01
6.200218796730041504e-01
6.130802631378173828e-01
5.891977548599243164e-01
6.255298256874084473e-01
6.443316936492919922e-01
7.119892835617065430e-01
6.693103313446044922e-01
6.167064905166625977e-01
6.815317273139953613e-01
6.521462798118591309e-01
6.307950615882873535e-01
5.795667171478271484e-01
7.010160684585571289e-01
5.542134046554565430e-01
7.860382795333862305e-01
7.654776573181152344e-01
5.688844323158264160e-01
6.889393925666809082e-01
5.936134457588195801e-01
6.684484481811523438e-01
5.397171974182128906e-01
5.658040046691894531e-01
6.254473924636840820e-01
7.011471390724182129e-01
6.329836845397949219e-01
6.675082445144653320e-01
8.325389623641967773e-01
5.393869280815124512e-01
5.921173095703125000e-01
6.584625244140625000e-01
6.260049343109130859e-01
6.770184040069580078e-01
6.202399730682373047e-01
6.342155933380126953e-01
6.848436594009399414e-01
6.763163805007934570e-01
6.212926506996154785e-01
6.783631443977355957e-01
5.507376194000244141e-01
6.443491578102111816e-01
6.346355676651000977e-01
6.313191652297973633e-01
7.355116605758666992e-01
5.992230176925659180e-01
6.720765233039855957e-01
6.492894887924194336e-01
5.389657020568847656e-01
6.138975620269775391e-01
5.903206467628479004e-01
6.592092514038085938e-01
6.932857036590576172e-01
6.380488872528076172e-01
6.732082366943359375e-01
6.909172534942626953e-01
7.474741935729980469e-01
5.597699284553527832e-01
7.063307762145996094e-01
6.338372826576232910e-01
6.192783117294311523e-01
4.549490809440612793e-01
5.485122203826904297e-01
6.617392301559448242e-01
7.526285648345947266e-01
6.491934657096862793e-01
6.734919548034667969e-01
6.098519563674926758e-01
6.233936548233032227e-01
5.942008495330810547e-01
6.085886359214782715e-01
5.657603740692138672e-01
5.660476684570312500e-01
6.563145518302917480e-01
6.029573678970336914e-01
6.317424178123474121e-01
6.035870313644409180e-01
6.130368709564208984e-01
6.431785821914672852e-01
6.308408975601196289e-01
5.782110691070556641e-01
5.608205795288085938e-01
6.482921838760375977e-01
6.248583793640136719e-01
6.363992691040039062e-01
6.449268460273742676e-01
5.859433412551879883e-01
5.882561802864074707e-01
6.057581901550292969e-01
7.607132792472839355e-01
7.011963725090026855e-01
6.809334754943847656e-01
6.908550262451171875e-01
6.040965318679809570e-01
6.587911844253540039e-01
6.748640537261962891e-01
6.881873607635498047e-01
5.954321622848510742e-01
6.229047775268554688e-01
7.043954133987426758e-01
6.301658153533935547e-01
4.812394976615905762e-01
6.667343378067016602e-01
5.867969989776611328e-01
6.407581567764282227e-01
5.922966003417968750e-01
6.488687992095947266e-01
6.956984400749206543e-01
6.300773620605468750e-01
6.018393039703369141e-01
6.030022501945495605e-01
7.435511350631713867e-01
6.629845499992370605e-01
6.101089715957641602e-01
6.193972826004028320e-01
6.532696485519409180e-01
6.092557907104492188e-01
6.940952539443969727e-01
7.998439073562622070e-01
5.886484980583190918e-01
7.543598413467407227e-01
7.242848873138427734e-01
6.881376504898071289e-01
6.046258211135864258e-01
5.567830801010131836e-01
6.587760448455810547e-01
6.744724512100219727e-01
5.641640424728393555e-01
6.121783852577209473e-01
9.203323125839233398e-01
6.546506881713867188e-01
6.386548876762390137e-01
5.896884202957153320e-01
6.789773702621459961e-01
6.578563451766967773e-01
5.547444224357604980e-01
5.257558226585388184e-01
7.670146226882934570e-01
5.803287625312805176e-01
6.153554320335388184e-01
6.028200387954711914e-01
6.113857030868530273e-01
5.746789574623107910e-01
6.377552747726440430e-01
7.533441781997680664e-01
7.258161306381225586e-01
5.344307422637939453e-01
6.145699024200439453e-01
6.678270101547241211e-01
5.638372302055358887e-01
6.424437165260314941e-01
5.557214021682739258e-01
5.933508872985839844e-01
5.644091963768005371e-01
6.508450508117675781e-01
5.759218931198120117e-01
5.869346261024475098e-01
5.805099010467529297e-01
6.377888917922973633e-01
6.217481493949890137e-01
5.689547061920166016e-01
5.437696576118469238e-01
6.425476670265197754e-01
5.415894985198974609e-01
5.598992109298706055e-01
5.945484638214111328e-01
6.161361336708068848e-01
5.732731819152832031e-01
6.632454395294189453e-01
6.865892410278320312e-01
6.558821201324462891e-01
6.247842311859130859e-01
6.291933059692382812e-01
6.364807486534118652e-01
7.266359329223632812e-01
6.349104642868041992e-01
6.113217473030090332e-01
6.504743695259094238e-01
5.667700767517089844e-01
6.006025075912475586e-01
5.782637000083923340e-01
5.612038373947143555e-01
5.637795925140380859e-01
6.613720059394836426e-01
6.894937753677368164e-01
6.148647069931030273e-01
5.661371350288391113e-01
6.375151872634887695e-01
6.034891605377197266e-01
7.177942991256713867e-01
6.108248233795166016e-01
6.617470979690551758e-01
5.681304335594177246e-01
6.048430204391479492e-01
6.269497275352478027e-01
6.133708953857421875e-01
6.378014087677001953e-01
6.175055503845214844e-01
5.681709051132202148e-01
6.013219356536865234e-01
8.068920969963073730e-01
6.062501072883605957e-01
6.963043808937072754e-01
6.485769152641296387e-01
5.306312441825866699e-01
6.437912583351135254e-01
6.920922994613647461e-01
6.600078344345092773e-01
6.672817468643188477e-01
6.283652186393737793e-01
5.831155776977539062e-01
5.959967374801635742e-01
6.696940660476684570e-01
6.364859342575073242e-01
5.937933921813964844e-01
6.568301916122436523e-01
6.548763513565063477e-01
8.855432271957397461e-01
5.563893914222717285e-01
6.011369824409484863e-01
5.830535888671875000e-01
6.156992912292480469e-01
6.520036458969116211e-01
6.630403995513916016e-01
5.739712119102478027e-01
6.468286514282226562e-01
7.971274852752685547e-01
6.341080665588378906e-01
7.051765918731689453e-01
6.670235395431518555e-01
6.178784370422363281e-01
6.146394014358520508e-01
6.868763566017150879e-01
5.740250945091247559e-01
6.541714668273925781e-01
4.976128637790679932e-01
5.897247195243835449e-01
6.109784245491027832e-01
6.301499605178833008e-01
6.272902488708496094e-01
6.639645695686340332e-01
5.133851766586303711e-01
5.959542393684387207e-01
6.240477561950683594e-01
5.995461940765380859e-01
6.388700008392333984e-01
6.580176353454589844e-01
5.981683731079101562e-01
6.973512172698974609e-01
6.430659890174865723e-01
6.603853702545166016e-01
5.979777574539184570e-01
5.402608513832092285e-01
3.742283582687377930e-01
5.319536924362182617e-01
5.756759643554687500e-01
5.954748988151550293e-01
5.710086822509765625e-01
6.392379999160766602e-01
6.210581660270690918e-01
6.154719591140747070e-01
6.655474901199340820e-01
6.357793807983398438e-01
6.109828352928161621e-01
6.095175147056579590e-01
5.418666005134582520e-01
5.626347064971923828e-01
6.505220532417297363e-01
6.417343616485595703e-01
5.850385427474975586e-01
6.558277606964111328e-01
6.018848419189453125e-01
6.210314035415649414e-01
5.472186803817749023e-01
6.380340456962585449e-01
6.945134997367858887e-01
6.249318122863769531e-01
6.650818586349487305e-01
5.963377952575683594e-01
6.069355607032775879e-01
6.242177486419677734e-01
5.858536958694458008e-01
7.028501033782958984e-01
6.142148971557617188e-01
9.439369440078735352e-01
5.614660382270812988e-01
7.062471508979797363e-01
5.568804740905761719e-01
6.355583071708679199e-01
6.167657375335693359e-01
6.799213886260986328e-01
6.549681425094604492e-01
5.924145579338073730e-01
6.844817399978637695e-01
6.426929831504821777e-01
6.344197392463684082e-01
6.067696809768676758e-01
6.486821770668029785e-01
6.732249259948730469e-01
5.482337474822998047e-01
6.289466619491577148e-01
6.349312067031860352e-01
6.785180568695068359e-01
6.151275634765625000e-01
6.210209131240844727e-01
6.980661749839782715e-01
6.571472883224487305e-01
6.208449602127075195e-01
5.175632238388061523e-01
8.581548333168029785e-01
6.293749809265136719e-01
6.321342587471008301e-01
7.830979228019714355e-01
7.944148778915405273e-01
6.543380022048950195e-01
7.575821280479431152e-01
6.581135392189025879e-01
5.896135568618774414e-01
6.495228409767150879e-01
6.565252542495727539e-01
6.247135400772094727e-01
5.973988771438598633e-01
6.144409179687500000e-01
5.984664559364318848e-01
6.760630607604980469e-01
5.725598335266113281e-01
5.678740739822387695e-01
6.407600641250610352e-01
6.758951544761657715e-01
6.033322215080261230e-01
7.111384868621826172e-01
6.353650689125061035e-01
6.131235361099243164e-01
5.115503072738647461e-01
5.683315396308898926e-01
4.817273616790771484e-01
6.463344097137451172e-01
6.919451951980590820e-01
6.434909105300903320e-01
5.944402217864990234e-01
6.152790188789367676e-01
6.032766699790954590e-01
6.041905283927917480e-01
6.511943936347961426e-01
6.471706628799438477e-01
6.024926304817199707e-01
7.051771879196166992e-01
5.969068408012390137e-01
6.103928685188293457e-01
5.979233980178833008e-01
6.400946974754333496e-01
6.692826151847839355e-01
5.959534645080566406e-01
6.311392784118652344e-01
7.248108386993408203e-01
6.190415620803833008e-01
5.737713575363159180e-01
6.103826761245727539e-01
6.678773164749145508e-01
6.269186735153198242e-01
6.296569108963012695e-01
9.167036414146423340e-01
6.246423721313476562e-01
6.331002712249755859e-01
6.211378574371337891e-01
5.889156460762023926e-01
6.356834173202514648e-01
6.041953563690185547e-01
6.507460474967956543e-01
6.037885546684265137e-01
5.799455642700195312e-01
6.105373501777648926e-01
6.212809085845947266e-01
6.103035211563110352e-01
6.916063427925109863e-01
6.763229370117187500e-01
6.388054490089416504e-01
6.350837945938110352e-01
6.453757286071777344e-01
6.452079415321350098e-01
6.147987842559814453e-01
6.388009190559387207e-01
6.012187600135803223e-01
6.680852174758911133e-01
8.706728219985961914e-01
7.182976603507995605e-01
5.904080867767333984e-01
7.098873853683471680e-01
6.501747369766235352e-01
6.416686773300170898e-01
7.019252777099609375e-01
6.572383046150207520e-01
6.069971323013305664e-01
6.062724590301513672e-01
6.256744861602783203e-01
6.113756299018859863e-01
3.355765342712402344e-01
6.455357074737548828e-01
5.687227249145507812e-01
6.230971217155456543e-01
6.498923301696777344e-01
5.964370965957641602e-01
6.414466500282287598e-01
7.348754405975341797e-01
5.945158004760742188e-01
6.088781356811523438e-01
6.067451238632202148e-01
6.292020082473754883e-01
5.719817876815795898e-01
6.260344982147216797e-01
6.111409664154052734e-01
6.946551799774169922e-01
6.267502307891845703e-01
6.524454951286315918e-01
6.018468141555786133e-01
7.382828593254089355e-01
6.416734457015991211e-01
6.137007474899291992e-01
6.491509675979614258e-01
6.614499688148498535e-01
6.035504937171936035e-01
6.138969659805297852e-01
6.586970686912536621e-01
6.019444465637207031e-01
5.839564800262451172e-01
6.927266120910644531e-01
6.045670509338378906e-01
6.321108937263488770e-01
6.167469620704650879e-01
5.943091511726379395e-01
6.649575233459472656e-01
6.197528243064880371e-01
6.577543020248413086e-01
5.796617865562438965e-01
6.437786817550659180e-01
5.905044078826904297e-01
6.276642680168151855e-01
5.858221054077148438e-01
6.523036956787109375e-01
6.336200237274169922e-01
5.811119079589843750e-01
6.382382512092590332e-01
5.820123553276062012e-01
6.386342048645019531e-01
6.793386340141296387e-01
6.164853572845458984e-01
5.911118984222412109e-01
6.495319604873657227e-01
6.565670967102050781e-01
6.552422046661376953e-01
7.602606415748596191e-01
5.918148756027221680e-01
6.026538610458374023e-01
5.915757417678833008e-01
6.960390806198120117e-01
6.371511816978454590e-01
5.811237096786499023e-01
6.046475172042846680e-01
6.388857364654541016e-01
7.395337224006652832e-01
6.223977804183959961e-01
6.623253226280212402e-01
6.005703210830688477e-01
7.004557251930236816e-01
6.065337657928466797e-01
6.140986680984497070e-01
5.487242937088012695e-01
6.057374477386474609e-01
6.045030355453491211e-01
6.051135063171386719e-01
6.387357115745544434e-01
6.313432455062866211e-01
5.946761965751647949e-01
5.926243662834167480e-01
6.459908485412597656e-01
5.919868946075439453e-01
5.582839250564575195e-01
5.563126802444458008e-01
6.037397980690002441e-01
6.544204354286193848e-01
7.226410508155822754e-01
6.159759759902954102e-01
6.212733983993530273e-01
6.410455703735351562e-01
7.192206382751464844e-01
6.172632575035095215e-01
5.869184732437133789e-01
5.264055132865905762e-01
6.281570196151733398e-01
6.215553879737854004e-01
5.803155899047851562e-01
6.003605723381042480e-01
6.320177316665649414e-01
6.224789023399353027e-01
5.690938234329223633e-01
6.205154657363891602e-01
6.093522310256958008e-01
6.380345821380615234e-01
5.727788805961608887e-01
5.578744411468505859e-01
7.214453220367431641e-01
9.182474613189697266e-01
6.211287975311279297e-01
5.120528936386108398e-01
5.783889889717102051e-01
6.299066543579101562e-01
5.957232713699340820e-01
4.756287336349487305e-01
6.323001980781555176e-01
6.146953105926513672e-01
5.362169742584228516e-01
8.561459779739379883e-01
7.242679595947265625e-01
6.663857102394104004e-01
5.957496762275695801e-01
6.231735944747924805e-01
6.513142585754394531e-01
6.625838279724121094e-01
5.895252227783203125e-01
6.875352859497070312e-01
5.866498947143554688e-01
6.461277604103088379e-01
6.189813613891601562e-01
5.938661098480224609e-01
6.309612989425659180e-01
5.906597971916198730e-01
5.887174010276794434e-01
6.424975991249084473e-01
5.793278217315673828e-01
5.195486545562744141e-01
5.787299871444702148e-01
6.775711178779602051e-01
6.416646838188171387e-01
8.415378332138061523e-01
5.786148309707641602e-01
6.284097433090209961e-01
6.648656129837036133e-01
6.232087612152099609e-01
8.556933999061584473e-01
6.056985855102539062e-01
6.445099115371704102e-01
6.293293237686157227e-01
5.485410094261169434e-01
3.341607153415679932e-01
5.742945671081542969e-01
6.383318305015563965e-01
6.271106004714965820e-01
5.774160623550415039e-01
6.094663143157958984e-01
6.073830127716064453e-01
5.975676774978637695e-01
6.280880570411682129e-01
6.384595632553100586e-01
6.348464488983154297e-01
6.063138246536254883e-01
6.058690547943115234e-01
5.940923690795898438e-01
5.403788089752197266e-01
6.355614066123962402e-01
5.758395195007324219e-01
6.170631647109985352e-01
5.921598672866821289e-01
5.863557457923889160e-01
7.119028568267822266e-01
6.375808119773864746e-01
5.692196488380432129e-01
6.381281614303588867e-01
6.056758165359497070e-01
5.968241691589355469e-01
6.631458401679992676e-01
6.234918832778930664e-01
6.302248239517211914e-01
6.017352342605590820e-01
6.227483153343200684e-01
5.938925743103027344e-01
6.378321647644042969e-01
6.211137771606445312e-01
5.971462726593017578e-01
6.327365040779113770e-01
6.006243228912353516e-01
6.080287694931030273e-01
6.068037748336791992e-01
6.179723739624023438e-01
6.335268020629882812e-01
6.614097952842712402e-01
6.240568757057189941e-01
6.272256374359130859e-01
5.577009916305541992e-01
6.488021612167358398e-01
6.396716237068176270e-01
5.971375107765197754e-01
6.054546833038330078e-01
4.581712782382965088e-01
6.256510019302368164e-01
6.619505286216735840e-01
5.979924201965332031e-01
6.184557676315307617e-01
5.904453992843627930e-01
6.440950632095336914e-01
6.805729866027832031e-01
5.927393436431884766e-01
6.597126722335815430e-01
5.367590188980102539e-01
6.192547678947448730e-01
6.345183849334716797e-01
6.003567576408386230e-01
6.192314624786376953e-01
6.248526573181152344e-01
6.280896663665771484e-01
6.204057335853576660e-01
5.583052635192871094e-01
5.926192998886108398e-01
6.080727577209472656e-01
5.920047760009765625e-01
6.363805532455444336e-01
6.255271434783935547e-01
5.981354713439941406e-01
6.114683151245117188e-01
6.027344465255737305e-01
6.447777748107910156e-01
6.414959430694580078e-01
6.048830747604370117e-01
5.965533256530761719e-01
6.291917562484741211e-01
6.398890614509582520e-01
6.120559573173522949e-01
6.067594289779663086e-01
6.360926628112792969e-01
5.786005258560180664e-01
6.332315802574157715e-01
6.222797632217407227e-01
6.557222604751586914e-01
5.830934643745422363e-01
6.273034811019897461e-01
6.290610432624816895e-01
6.092321276664733887e-01
6.195990443229675293e-01
6.155718564987182617e-01
6.811562776565551758e-01
6.302251815795898438e-01
6.462703943252563477e-01
6.107966899871826172e-01
6.204763650894165039e-01
5.788507461547851562e-01
6.126152276992797852e-01
6.097853183746337891e-01
6.271106004714965820e-01
5.857430696487426758e-01
6.430773735046386719e-01
5.994954109191894531e-01
5.989426374435424805e-01
6.300785541534423828e-01
5.477296113967895508e-01
6.224847435951232910e-01
6.141185760498046875e-01
6.493448019027709961e-01
6.598291397094726562e-01
6.932059526443481445e-01
6.004525423049926758e-01
6.073492765426635742e-01
5.670802593231201172e-01
7.165501713752746582e-01
6.470588445663452148e-01
5.985344648361206055e-01
6.801098585128784180e-01
6.074427366256713867e-01
6.489853262901306152e-01
6.367107033729553223e-01
6.242488026618957520e-01
6.056143641471862793e-01
6.321016550064086914e-01
6.094488501548767090e-01
6.013338565826416016e-01
6.075790524482727051e-01
6.223256587982177734e-01
7.775775790214538574e-01
6.073856949806213379e-01
6.566977500915527344e-01
6.490047574043273926e-01
6.477816104888916016e-01
5.838195085525512695e-01
6.137441396713256836e-01
6.257167458534240723e-01
6.156418323516845703e-01
6.346308588981628418e-01
6.347721815109252930e-01
6.075270175933837891e-01
6.535766124725341797e-01
6.203200221061706543e-01
5.871137380599975586e-01
6.185845136642456055e-01
6.182733774185180664e-01
6.461364030838012695e-01
6.085011959075927734e-01
5.928151607513427734e-01
6.562463045120239258e-01
5.867285728454589844e-01
6.254621148109436035e-01
6.745754480361938477e-01
6.336337327957153320e-01
5.940161943435668945e-01
6.283917427062988281e-01
6.117883324623107910e-01
6.365439295768737793e-01
6.418163776397705078e-01
6.055446863174438477e-01
6.039653420448303223e-01
6.089818477630615234e-01
6.290820240974426270e-01
6.544259786605834961e-01
6.115777492523193359e-01
6.311850547790527344e-01
5.991839170455932617e-01
6.283489465713500977e-01
6.143361926078796387e-01
6.346375942230224609e-01
6.129913926124572754e-01
5.697394609451293945e-01
6.449823975563049316e-01
6.988801956176757812e-01
6.353570818901062012e-01
6.826735138893127441e-01
5.787873268127441406e-01
6.076534986495971680e-01
6.437556743621826172e-01
6.173512935638427734e-01
5.955612659454345703e-01
5.924263000488281250e-01
6.461283564567565918e-01
6.852287650108337402e-01
5.757132172584533691e-01
5.986750721931457520e-01
6.004173755645751953e-01
5.648568868637084961e-01
6.039624214172363281e-01
6.296613216400146484e-01
6.155416965484619141e-01
6.083450913429260254e-01
6.202720403671264648e-01
5.985163450241088867e-01
6.983622312545776367e-01
6.164796352386474609e-01
5.955082774162292480e-01
6.457243561744689941e-01
6.448750495910644531e-01
6.138298511505126953e-01
5.773187279701232910e-01
6.029853820800781250e-01
6.251755952835083008e-01
6.065288782119750977e-01
6.260651350021362305e-01
6.095428466796875000e-01
6.118462085723876953e-01
5.888455510139465332e-01
6.166165471076965332e-01
6.497814655303955078e-01
6.163331866264343262e-01
6.081302165985107422e-01
5.696386098861694336e-01
5.862200260162353516e-01
6.706040501594543457e-01
5.709185004234313965e-01
5.933008790016174316e-01
5.581142306327819824e-01
5.672693252563476562e-01
7.099559307098388672e-01
5.909462571144104004e-01
6.473259925842285156e-01
5.889190435409545898e-01
5.680982470512390137e-01
5.807986259460449219e-01
5.887187719345092773e-01
5.840313434600830078e-01
5.811630487442016602e-01
6.230057477951049805e-01
5.985844135284423828e-01
6.148196458816528320e-01
6.152307987213134766e-01
6.204833388328552246e-01
6.674095988273620605e-01
6.284677982330322266e-01
6.269986629486083984e-01
6.422373056411743164e-01
6.437815427780151367e-01
6.261312961578369141e-01
6.634675264358520508e-01
5.924063920974731445e-01
6.283425092697143555e-01
5.844894051551818848e-01
6.071707010269165039e-01
5.960416793823242188e-01
5.954883098602294922e-01
6.076034307479858398e-01
6.218520998954772949e-01
6.168533563613891602e-01
5.961277484893798828e-01
6.306388378143310547e-01
6.723277568817138672e-01
5.298146009445190430e-01
6.050480604171752930e-01
5.832908749580383301e-01
5.755212903022766113e-01
5.984364748001098633e-01
6.340149641036987305e-01
6.354894042015075684e-01
6.208357810974121094e-01
6.620584726333618164e-01
7.228428125381469727e-01
5.536844730377197266e-01
6.731213331222534180e-01
5.989347696304321289e-01
6.209815740585327148e-01
6.086557507514953613e-01
6.499503850936889648e-01
6.372630596160888672e-01
6.275023818016052246e-01
6.545313596725463867e-01
